1 0.37109375 0.459375 0.08359375 0.1484375
1 0.86015625 0.678125 0.1375 0.18515625
1 0.5625 0.5296875 0.09140625 0.15546875
1 0.71640625 0.66640625 0.1 0.19296875
1 0.475 0.478125 0.10859375 0.140625
3 0.05390625 0.63359375 0.08359375 0.12578125
3 0.02734375 0.87421875 0.05390625 0.2515625
3 0.64765625 0.44453125 0.70390625 0.8890625
3 0.36875 0.80703125 0.09609375 0.178125
3 0.26015625 0.21875 0.1375 0.21484375
3 0.90390625 0.1109375 0.19140625 0.221875
3 0.07734375 0.23671875 0.15390625 0.41484375
3 0.62734375 0.73671875 0.17109375 0.27421875
3 0.13125 0.79296875 0.14609375 0.2515625