3 0.28359375 0.06328125 0.125 0.125
3 0.58515625 0.640625 0.0625 0.1703125
3 0.375 0.58515625 0.075 0.103125
3 0.9625 0.13359375 0.075 0.1625
1 0.06484375 0.4 0.103125 0.178125
3 0.50390625 0.640625 0.084375 0.125
1 0.0046875 0.42109375 0.009375 0.1484375
3 0.0671875 0.440625 0.134375 0.88125
3 0.86640625 0.58515625 0.265625 0.75625
3 0.0625 0.7484375 0.1 0.19375
3 0.66015625 0.26328125 0.1625 0.525
3 0.16640625 0.16640625 0.134375 0.215625
3 0.6625 0.859375 0.675 0.28125
3 0.38515625 0.21484375 0.2125 0.4296875
3 0.29609375 0.740625 0.140625 0.2515625