3 0.63671875 0.06015625 0.11875 0.078125
1 0.69296875 0.72265625 0.15625 0.096875
1 0.66640625 0.86484375 0.2375 0.146875
1 0.459375 0.37265625 0.1484375 0.0875
1 0.48515625 0.475 0.15625 0.109375
1 0.540625 0.57734375 0.1484375 0.096875
3 0.8703125 0.0375 0.259375 0.075
3 0.440625 0.65390625 0.88125 0.690625
3 0.1 0.89765625 0.2 0.2046875
3 0.80703125 0.37109375 0.19375 0.109375
3 0.2359375 0.07890625 0.415625 0.1578125
3 0.22578125 0.26640625 0.215625 0.134375
3 0.73671875 0.63359375 0.275 0.165625
3 0.79296875 0.13984375 0.2515625 0.146875