3 0.69609375 0.99609375 0.10859375 0.00703125
3 0.45390625 0.9 0.1 0.2
3 0.34765625 0.72578125 0.0625 0.10390625
3 0.528125 0.91796875 0.1 0.1640625
3 0.04140625 0.4921875 0.0828125 0.140625
3 0.15859375 0.71484375 0.1 0.1703125
3 0.34609375 0.90703125 0.04140625 0.06640625
3 0.23515625 0.89609375 0.07109375 0.13359375
3 0.1890625 0.94765625 0.0625 0.1046875
3 0.11171875 0.91796875 0.0828125 0.1640625
3 0.57109375 0.6109375 0.125 0.2296875
3 0.3375 0.45546875 0.19140625 0.39296875
3 0.70625 0.40703125 0.22890625 0.32578125