3 0.91875 0.3296875 0.04609375 0.08125
3 0.240625 0.03671875 0.05 0.0734375
3 0.05625 0.36328125 0.05390625 0.11875
3 0.4125 0.0484375 0.08359375 0.09609375
3 0.56640625 0.321875 0.11640625 0.24453125
3 0.47734375 0.05546875 0.0875 0.1109375
3 0.20234375 0.0703125 0.05390625 0.12578125
3 0.01875 0.08515625 0.0375 0.1109375
3 0.1375 0.09296875 0.06640625 0.18515625
3 0.00625 0.01484375 0.0125 0.0296875
3 0.22265625 0.259375 0.10390625 0.19296875
2 0.5 0.6515625 1 0.69609375
3 0.7640625 0.03671875 0.471875 0.0734375