3 0.56640625 0.0484375 0.11640625 0.09609375
1 0.86484375 0.66328125 0.14609375 0.259375
3 0.06015625 0.63671875 0.07890625 0.11875
1 0.37109375 0.459375 0.09140625 0.1484375
1 0.71640625 0.68515625 0.1 0.18515625
1 0.475 0.48515625 0.10859375 0.15546875
1 0.57734375 0.54453125 0.09609375 0.15546875
3 0.03515625 0.87421875 0.0703125 0.2515625
3 0.6515625 0.440625 0.696875 0.88125
3 0.9015625 0.1 0.196875 0.2
3 0.07890625 0.240625 0.1578125 0.421875
3 0.37109375 0.8109375 0.10859375 0.2
3 0.2625 0.22578125 0.13359375 0.21484375
3 0.63359375 0.73671875 0.16640625 0.27421875
3 0.13984375 0.79296875 0.14609375 0.2515625