3 0.46328125 0.48515625 0.065625 0.053125
3 0.00390625 0.8 0.00625 0.0578125
3 0.33671875 0.54375 0.2296875 0.2125
3 0.06328125 0.41484375 0.125 0.078125
3 0.22578125 0.44765625 0.1703125 0.096875
3 0.5703125 0.59765625 0.075 0.046875
3 0.00703125 0.55 0.0140625 0.075
3 0.1890625 0.60234375 0.125 0.0625
3 0.0109375 0.8125 0.021875 0.040625
3 0.040625 0.87734375 0.08125 0.0546875
3 0.440625 0.29375 0.3484375 0.221875
3 0.3484375 0.0375 0.340625 0.075
3 0.078125 0.07734375 0.1109375 0.053125
3 0.1515625 0.79375 0.184375 0.1125
3 0.16640625 0.94765625 0.275 0.103125
3 0.021875 0.98984375 0.04375 0.0203125
2 0.64765625 0.5 0.7046875 1