3 0.05390625 0.43359375 0.08359375 0.12578125
3 0.37109375 0.67421875 0.06640625 0.11875
3 0.73125 0.9625 0.1125 0.075
3 0.47890625 0.84453125 0.1 0.20703125
3 0.13359375 0.89609375 0.08359375 0.20703125
3 0.80625 0.64453125 0.3875 0.340625
3 0.55625 0.89296875 0.09609375 0.15546875
3 0.17265625 0.6703125 0.10390625 0.1703125
3 0.20859375 0.9 0.06640625 0.12578125
3 0.22734375 0.99609375 0.14609375 0.00703125
3 0.05 0.9921875 0.1 0.015625
3 0.59140625 0.56640625 0.11640625 0.2296875
3 0.73125 0.3515625 0.2375 0.30390625
3 0.35859375 0.4109375 0.2 0.378125