3 0.7625 0.8125 0.125 0.0671875
3 0.709375 0.85625 0.13125 0.0875
3 0.975 0.53984375 0.05 0.078125
3 0.78125 0.88125 0.15 0.0875
3 0.690625 0.77109375 0.11875 0.0671875
3 0.609375 0.03125 0.13125 0.0625
3 0.68125 0.86875 0.1 0.0796875
3 0.8875 0.46875 0.1 0.0625
3 0.38125 0.69609375 0.1625 0.1
3 0.76875 0.0125 0.125 0.025
3 0.490625 0.09140625 0.21875 0.1828125
3 0.25 0.11875 0.275 0.128125
3 0.58125 0.79609375 0.15 0.309375
3 0.81875 0.20390625 0.3625 0.4078125
3 0.553125 0.34765625 0.30625 0.346875