3 0.20625 0.32578125 0.053125 0.075
3 0.03359375 0.16328125 0.059375 0.1625
3 0.60234375 0.31484375 0.0625 0.08125
3 0.63359375 0.01484375 0.1 0.0296875
3 0.2375 0.21484375 0.075 0.134375
3 0.03359375 0.7515625 0.065625 0.096875
3 0.32109375 0.3703125 0.059375 0.103125
3 0.72734375 0.29609375 0.096875 0.1484375
3 0.18125 0.60703125 0.078125 0.134375
3 0.39140625 0.3703125 0.084375 0.1484375
3 0.88359375 0.18515625 0.2328125 0.3703125
3 0.93359375 0.321875 0.109375 0.184375
3 0.05625 0.32578125 0.103125 0.221875
3 0.48515625 0.19296875 0.121875 0.1625
3 0.68125 0.52578125 0.3375 0.3703125
3 0.55 0.821875 0.359375 0.35625
3 0.28515625 0.0703125 0.2125 0.140625