3 0.359375 0.93984375 0.1109375 0.078125
1 0.321875 0.13515625 0.215625 0.1375
1 0.3109375 0.27734375 0.1625 0.096875
1 0.53671875 0.62890625 0.140625 0.090625
1 0.45546875 0.425 0.15625 0.090625
1 0.5109375 0.52109375 0.1484375 0.1
3 0.1296875 0.96640625 0.24375 0.0671875
3 0.55546875 0.34609375 0.875 0.690625
3 0.18515625 0.63125 0.19375 0.103125
3 0.7703125 0.73515625 0.20625 0.1375
3 0.76328125 0.92265625 0.415625 0.1546875
3 0.9 0.10234375 0.2 0.203125
3 0.20703125 0.86015625 0.2515625 0.146875
3 0.25546875 0.36640625 0.275 0.165625