3 0.06015625 0.640625 0.07890625 0.1109375
1 0.72109375 0.69296875 0.075 0.140625
1 0.48125 0.48515625 0.09609375 0.140625
1 0.86484375 0.68125 0.1375 0.20703125
1 0.57265625 0.54453125 0.09609375 0.15546875
1 0.37734375 0.478125 0.09609375 0.15546875
3 0.03125 0.87421875 0.0625 0.23671875
3 0.65390625 0.4484375 0.69140625 0.88125
3 0.36875 0.81484375 0.10390625 0.19296875
3 0.07890625 0.240625 0.1578125 0.421875
3 0.9 0.1109375 0.2 0.221875
3 0.26640625 0.2296875 0.13359375 0.20703125
3 0.13515625 0.8 0.14609375 0.2515625
3 0.63515625 0.7484375 0.17109375 0.28125