3 0.5625 0.8515625 0.10859375 0.20703125
3 0.06015625 0.41484375 0.0875 0.13359375
3 0.375 0.6515625 0.06640625 0.13359375
3 0.17890625 0.640625 0.1 0.15546875
3 0.21640625 0.8890625 0.06640625 0.13359375
3 0.8140625 0.603125 0.371875 0.39375
3 0.1375 0.8890625 0.08359375 0.221875
3 0.00390625 0.8921875 0.0078125 0.140625
3 0.05234375 0.98125 0.10390625 0.03671875
3 0.234375 0.97734375 0.146875 0.0453125
3 0.6 0.540625 0.125 0.23671875
3 0.36484375 0.38515625 0.19609375 0.35546875
3 0.73984375 0.33359375 0.24609375 0.32578125