3 0.95625 0.2109375 0.07109375 0.140625
3 0.24296875 0.03671875 0.0546875 0.0734375
3 0.56484375 0.37421875 0.1125 0.2
3 0.41015625 0.06328125 0.0875 0.12578125
3 0.7578125 0.03671875 0.475 0.0734375
3 0.05859375 0.30703125 0.11640625 0.259375
3 0.05390625 0.3890625 0.04140625 0.08125
3 0.41640625 0.31484375 0.06640625 0.1109375
3 0.4703125 0.06640625 0.075 0.1328125
3 0.00859375 0.0296875 0.01640625 0.059375
3 0.1375 0.1 0.06640625 0.2
3 0.20234375 0.08125 0.05390625 0.11875
3 0.01875 0.10390625 0.0375 0.11875
3 0.22109375 0.278125 0.10859375 0.18515625
2 0.5 0.65546875 1 0.6890625