3 0.82109375 0.26328125 0.059375 0.08125
3 0.1875 0.3 0.109375 0.15625
3 0.46484375 0.16328125 0.071875 0.134375
3 0.24375 0.1109375 0.103125 0.1484375
3 0.4125 0.52578125 0.084375 0.134375
3 0.54765625 0.31484375 0.046875 0.096875
3 0.2875 0.2484375 0.125 0.215625
3 0.70234375 0.140625 0.1125 0.1625
3 0.19140625 0.61484375 0.25 0.221875
3 0.6125 0.3109375 0.084375 0.1484375
3 0.98984375 0.15546875 0.0203125 0.3109375
3 0.1375 0.02578125 0.234375 0.0515625
3 0.86484375 0.459375 0.2703125 0.340625
3 0.76953125 0.7921875 0.3546875 0.415625
3 0.51015625 0.0484375 0.203125 0.096875