3 0.04453125 0.70625 0.0890625 0.128125
3 0.7484375 0.56484375 0.0890625 0.071875
3 0.63671875 0.40234375 0.1625 0.0625
3 0.58125 0.61484375 0.1109375 0.078125
3 0.1296875 0.03125 0.140625 0.0625
1 0.39296875 0.92265625 0.1484375 0.0875
3 0.63671875 0.48359375 0.11875 0.084375
3 0.43671875 0.9265625 0.8734375 0.146875
1 0.41484375 0.99140625 0.1484375 0.0171875
3 0.76328125 0.92109375 0.2375 0.109375
3 0.17421875 0.80625 0.215625 0.1375
3 0.8625 0.33515625 0.275 0.6703125
3 0.58515625 0.125 0.7703125 0.25
3 0.20703125 0.6015625 0.4140625 0.2125
3 0.2484375 0.32890625 0.496875 0.165625
3 0.73671875 0.69375 0.259375 0.1375