3 0.17734375 0.178125 0.04609375 0.07421875
3 0.62890625 0.1890625 0.11640625 0.15546875
3 0.41015625 0.2109375 0.10390625 0.15546875
3 0.7375 0.68515625 0.08359375 0.1109375
3 0.08125 0.24453125 0.05390625 0.10390625
3 0.15859375 0.08515625 0.06640625 0.12578125
3 0.03984375 0.43671875 0.0625 0.10390625
3 0.31484375 0.15546875 0.1125 0.178125
3 0.36640625 0.0484375 0.1 0.09609375
3 0.63125 0.8515625 0.07890625 0.0890625
3 0.4125 0.4703125 0.20859375 0.18515625
3 0.20625 0.43359375 0.07109375 0.12578125
3 0.02734375 0.2484375 0.05390625 0.140625
3 0.70234375 0.06328125 0.5875 0.12578125
3 0.9125 0.5890625 0.175 0.5109375
3 0.0125 0.759375 0.025 0.48125
3 0.1125 0.01484375 0.2 0.0296875