3 0.26640625 0.70625 0.103125 0.0625
3 0.08125 0.1859375 0.1625 0.3625
3 0.240625 0.13984375 0.15625 0.128125
3 0.20390625 0.46015625 0.184375 0.121875
3 0.25546875 0.36875 0.15625 0.103125
3 0.540625 0.3625 0.20625 0.215625
3 0.48125 0.57734375 0.134375 0.078125
3 0.12578125 0.62890625 0.134375 0.075
3 0.07421875 0.41484375 0.1484375 0.103125
3 0.121875 0.86015625 0.15625 0.1125
3 0.278125 0.775 0.140625 0.084375
3 0.440625 0.95 0.31875 0.1
3 0.00703125 0.3171875 0.0140625 0.225
3 0.77421875 0.88125 0.4515625 0.2375
3 0.03359375 0.68125 0.065625 0.196875