3 0.36875 0.2109375 0.05390625 0.06640625
3 0.84375 0.23359375 0.12890625 0.140625
3 0.79296875 0.08125 0.3953125 0.1625
3 0.18125 0.559375 0.10390625 0.21484375
3 0.8125 0.51484375 0.08359375 0.12578125
3 0.26484375 0.27421875 0.07109375 0.0890625
3 0.6125 0.240625 0.10859375 0.15546875
3 0.39609375 0.4703125 0.075 0.12578125
3 0.34140625 0.12578125 0.06640625 0.13359375
3 0.55390625 0.0703125 0.1 0.140625
3 0.60625 0.52578125 0.22109375 0.20703125
3 0.1125 0.11875 0.10859375 0.1484375
3 0.5125 0.2 0.11640625 0.19296875
3 0.2 0.2703125 0.075 0.140625
3 0.04140625 0.43671875 0.0828125 0.3109375
3 0.10625 0.7703125 0.2125 0.459375
3 0.3 0.03359375 0.2 0.06640625