3 0.98125 0.675 0.0375 0.15
3 0.74375 0.48125 0.1125 0.25
3 0.65390625 0.434375 0.24140625 0.19375
3 0.9875 0.778125 0.025 0.19375
3 0.50625 0.659375 0.0875 0.10625
3 0.9578125 0.5125 0.084375 0.125
3 0.5125 0.040625 0.08359375 0.08125
3 0.74140625 0.703125 0.25 0.20625
3 0.57265625 0.078125 0.07890625 0.15625
3 0.72109375 0.190625 0.09140625 0.18125
3 0.82734375 0.4625 0.12109375 0.3
3 0.47265625 0.528125 0.05390625 0.10625
3 0.32890625 0.9125 0.11640625 0.175
3 0.16640625 0.209375 0.3 0.25625
3 0.88125 0.871875 0.07890625 0.18125
3 0.07890625 0.090625 0.14140625 0.18125
3 0.60234375 0.86875 0.45390625 0.25
3 0.49140625 0.2 0.425 0.25
3 0.94375 0.334375 0.1125 0.63125
3 0.17265625 0.66875 0.3375 0.6625