3 0.62890625 0.340625 0.08359375 0.10625
3 0.40859375 0.334375 0.075 0.13125
3 0.6875 0.775 0.11640625 0.2
3 0.16640625 0.778125 0.325 0.35625
3 0.96015625 0.925 0.07890625 0.1375
3 0.64609375 0.359375 0.05859375 0.08125
3 0.75859375 0.925 0.36640625 0.1375
3 0.07109375 0.290625 0.13359375 0.24375
3 0.77890625 0.725 0.11640625 0.2625
3 0.14609375 0.071875 0.125 0.14375
3 0.47265625 0.2875 0.07890625 0.1125
3 0.43359375 0.79375 0.05859375 0.1
3 0.525 0.340625 0.08359375 0.14375
3 0.67734375 0.4625 0.0875 0.1625
3 0.92265625 0.778125 0.09609375 0.13125
3 0.60625 0.684375 0.24609375 0.18125
3 0.14140625 0.478125 0.26640625 0.25625
3 0.44375 0.465625 0.4125 0.24375
3 0.92265625 0.596875 0.15390625 0.61875