3 0.2 0.940625 0.05859375 0.11875
3 0.58515625 0.99609375 0.07890625 0.00703125
3 0.22109375 0.91875 0.05 0.11875
3 0.3875 0.90703125 0.075 0.1703125
3 0.45 0.92578125 0.075 0.1484375
3 0.07734375 0.740625 0.04609375 0.0890625
3 0.1875 0.95546875 0.04140625 0.0890625
3 0.12265625 0.93671875 0.05390625 0.12578125
3 0.30625 0.76328125 0.05390625 0.0890625
3 0.07265625 0.4515625 0.0875 0.1484375
3 0.92734375 0.54453125 0.1375 0.30390625
3 0.15 0.77421875 0.08359375 0.140625
3 0.04609375 0.57421875 0.06640625 0.12578125
3 0.49375 0.6484375 0.10390625 0.2
3 0.01015625 0.965625 0.0203125 0.065625
3 0.74765625 0.7515625 0.4875 0.3484375
3 0.29140625 0.5484375 0.15 0.28125
3 0.60625 0.48125 0.1875 0.28125