3 0.06015625 0.63671875 0.07890625 0.11875
1 0.37109375 0.4703125 0.1 0.15546875
1 0.72265625 0.69296875 0.09609375 0.15546875
1 0.86640625 0.6703125 0.14140625 0.24453125
1 0.47890625 0.48515625 0.1 0.140625
1 0.57734375 0.54453125 0.09609375 0.15546875
3 0.6515625 0.440625 0.696875 0.88125
3 0.03515625 0.8703125 0.0703125 0.259375
3 0.9 0.1 0.2 0.2
3 0.07890625 0.2328125 0.1578125 0.40625
3 0.26640625 0.221875 0.13359375 0.20703125
3 0.37109375 0.8109375 0.10859375 0.2
3 0.63359375 0.740625 0.16640625 0.28125
3 0.13984375 0.79296875 0.14609375 0.2515625