3 0.83359375 0.78515625 0.084375 0.35625
3 0.4171875 0.94765625 0.159375 0.1046875
3 0.98984375 0.75546875 0.0203125 0.1484375
3 0.86640625 0.9890625 0.234375 0.021875
3 0.75859375 0.72578125 0.065625 0.11875
3 0.16875 0.38515625 0.3375 0.51875
3 0.46640625 0.67421875 0.115625 0.20625
3 0.36640625 0.4 0.125 0.221875
3 0.93125 0.9 0.1375 0.2
3 0.72734375 0.88515625 0.1625 0.2296875
3 0.61640625 0.2515625 0.190625 0.35625
3 0.225 0.19296875 0.259375 0.296875
3 0.99765625 0.53359375 0.003125 0.384375