3 0.3109375 0.16484375 0.1625 0.1125
3 0.25546875 0.25859375 0.184375 0.125
3 0.26640625 0.41875 0.075 0.053125
3 0.31875 0.52265625 0.0890625 0.053125
3 0.11875 0.21640625 0.1484375 0.115625
3 0.25546875 0.91875 0.15625 0.1046875
3 0.16640625 0.44140625 0.125 0.065625
3 0.540625 0.39140625 0.1484375 0.084375
3 0.659375 0.96640625 0.1484375 0.0671875
3 0.31875 0.59375 0.1484375 0.078125
3 0.1515625 0.68125 0.1703125 0.1125
3 0.1890625 0.98125 0.378125 0.0375
3 0.621875 0.17265625 0.20625 0.253125
3 0.79609375 0.74765625 0.40625 0.353125
3 0.4515625 0.85390625 0.3109375 0.290625
3 0.0296875 0.1171875 0.059375 0.234375
3 0.0515625 0.496875 0.103125 0.209375