3 0.83359375 0.72578125 0.08359375 0.11875
3 0.72265625 0.0703125 0.52890625 0.140625
3 0.72890625 0.19609375 0.125 0.1703125
3 0.49765625 0.21875 0.10390625 0.15546875
3 0.23984375 0.1 0.07109375 0.12578125
3 0.45390625 0.05546875 0.1 0.1109375
3 0.40625 0.17421875 0.1125 0.18515625
3 0.95625 0.6109375 0.0875 0.52578125
3 0.29375 0.4515625 0.07890625 0.13359375
3 0.52109375 0.49296875 0.175 0.21484375
3 0.10234375 0.25546875 0.09609375 0.140625
3 0.03359375 0.10703125 0.06640625 0.15546875
3 0.19140625 0.03359375 0.2 0.06640625
3 0.05625 0.76640625 0.1125 0.46640625