1 0.678125 0.3125 0.15625 0.084375
3 0.6296875 0.96640625 0.11875 0.0671875
1 0.45546875 0.66015625 0.184375 0.103125
1 0.678125 0.17109375 0.2 0.140625
1 0.52578125 0.4625 0.178125 0.1
1 0.48515625 0.55625 0.140625 0.096875
3 0.80390625 0.66015625 0.2 0.121875
3 0.865625 0.97734375 0.265625 0.0453125
3 0.44453125 0.3625 0.8890625 0.715625
3 0.11484375 0.1109375 0.2296875 0.221875
3 0.21875 0.76640625 0.215625 0.134375
3 0.78515625 0.89375 0.2375 0.1375
3 0.22578125 0.93515625 0.40625 0.1296875
3 0.73359375 0.39765625 0.28125 0.171875