1 0.72109375 0.7 0.09140625 0.1703125
1 0.86484375 0.7 0.1375 0.1703125
3 0.06015625 0.64453125 0.07890625 0.11875
1 0.37109375 0.46640625 0.09140625 0.13359375
1 0.57890625 0.5484375 0.1 0.16328125
3 0.03359375 0.87421875 0.06640625 0.23671875
1 0.47734375 0.49296875 0.09609375 0.140625
3 0.64765625 0.44453125 0.70390625 0.8890625
3 0.37265625 0.81484375 0.1125 0.19296875
3 0.08125 0.2484375 0.1625 0.39296875
3 0.9 0.11484375 0.2 0.2296875
3 0.26640625 0.22578125 0.13359375 0.2
3 0.63125 0.7515625 0.17109375 0.27421875
3 0.13515625 0.8 0.14609375 0.2515625