3 0.30625 0.7703125 0.0625 0.11875
3 0.96640625 0.5515625 0.06640625 0.24453125
3 0.39296875 0.94765625 0.0796875 0.1046875
3 0.76015625 0.74453125 0.47109375 0.46640625
3 0.05 0.74453125 0.05 0.12578125
3 0.13359375 0.7703125 0.1 0.178125
3 0.46640625 0.94453125 0.09140625 0.1109375
3 0.15625 0.9703125 0.0625 0.059375
3 0.525 0.65546875 0.11640625 0.2296875
3 0.03125 0.540625 0.0625 0.13359375
3 0.0875 0.940625 0.075 0.11875
3 0.29375 0.521875 0.17890625 0.30390625
3 0.66015625 0.4515625 0.22109375 0.32578125