1 0.021875 0.634375 0.04375 0.0625
1 0.6296875 0.13125 0.1625 0.071875
3 0.8 0.79609375 0.3109375 0.1921875
3 0.62578125 0.2125 0.125 0.084375
3 0.57421875 0.3375 0.1109375 0.075
1 0.37421875 0.65 0.15625 0.090625
1 0.56640625 0.96875 0.2 0.0625
3 0.0703125 0.42890625 0.140625 0.134375
1 0.38515625 0.75390625 0.134375 0.090625
1 0.43359375 0.84609375 0.15625 0.090625
3 0.83671875 0.18359375 0.325 0.365625
3 0.72578125 0.65234375 0.1625 0.096875
3 0.41796875 0.7953125 0.8359375 0.409375
3 0.259375 0.06640625 0.51875 0.1328125
3 0.1484375 0.53515625 0.20625 0.1375
3 0.721875 0.42265625 0.24375 0.1375
3 0.63671875 0.9125 0.296875 0.175
3 0.21484375 0.325 0.4296875 0.209375