3 0.640625 0.06015625 0.1109375 0.078125
1 0.4703125 0.37109375 0.15625 0.090625
1 0.678125 0.86484375 0.215625 0.1375
1 0.6890625 0.72109375 0.178125 0.1
1 0.48515625 0.47734375 0.15625 0.103125
1 0.54453125 0.575 0.15625 0.090625
3 0.8703125 0.03359375 0.259375 0.065625
3 0.44453125 0.6515625 0.8890625 0.696875
3 0.11484375 0.89765625 0.2296875 0.2046875
3 0.81484375 0.36875 0.19375 0.1125
3 0.2359375 0.07890625 0.415625 0.1578125
3 0.221875 0.26484375 0.20625 0.1375
3 0.74453125 0.63515625 0.275 0.171875
3 0.79296875 0.13984375 0.2515625 0.146875