3 0.22890625 0.340625 0.25 0.340625
3 0.1625 0.17421875 0.05 0.065625
3 0.98125 0.1703125 0.028125 0.134375
3 0.61875 0.18125 0.1125 0.125
3 0.725 0.68515625 0.075 0.1109375
3 0.02734375 0.43671875 0.053125 0.103125
3 0.39375 0.2 0.103125 0.1484375
3 0.06484375 0.24453125 0.053125 0.0890625
3 0.14140625 0.08125 0.065625 0.11875
3 0.35390625 0.0484375 0.1 0.096875
3 0.19140625 0.421875 0.065625 0.11875
3 0.3 0.15546875 0.109375 0.1625
3 0.61640625 0.84453125 0.075 0.0890625
3 0.3875 0.49609375 0.2 0.11875
3 0.68984375 0.059375 0.596875 0.11875
3 0.01875 0.2484375 0.0375 0.125
3 0.90390625 0.58515625 0.190625 0.503125
3 0.00625 0.759375 0.0125 0.48125
3 0.09609375 0.01484375 0.190625 0.0296875
3 0.125 0.90703125 0.1125 0.140625
1 0.525 0.58515625 0.0875 0.140625