3 0.46875 0.63359375 0.07109375 0.1703125
3 0.7703125 0.06640625 0.134375 0.1328125
3 0.67890625 0.5890625 0.08359375 0.1109375
3 0.55 0.63671875 0.08359375 0.11875
1 0.96875 0.39609375 0.0625 0.140625
3 0.97265625 0.7515625 0.05390625 0.18515625
3 0.0640625 0.10703125 0.128125 0.2140625
3 0.9578125 0.44765625 0.084375 0.8953125
3 0.36640625 0.8515625 0.71640625 0.28125
3 0.88125 0.1703125 0.12109375 0.20703125
3 0.39375 0.2515625 0.1625 0.503125
3 0.66484375 0.21875 0.22890625 0.43671875
3 0.75859375 0.74453125 0.14140625 0.259375
3 0.15390625 0.5953125 0.3078125 0.778125