1 0.66328125 0.34609375 0.184375 0.090625
1 0.66640625 0.20390625 0.19375 0.140625
3 0.625 0.98359375 0.125 0.0328125
1 0.4515625 0.69609375 0.1625 0.1
1 0.5296875 0.49765625 0.15625 0.096875
1 0.47421875 0.59140625 0.1484375 0.1
3 0.8 0.69765625 0.221875 0.1046875
3 0.12578125 0.13359375 0.2515625 0.265625
3 0.440625 0.38359375 0.88125 0.759375
3 0.865625 0.99609375 0.265625 0.0078125
3 0.73359375 0.43125 0.28125 0.178125
3 0.21875 0.80390625 0.215625 0.134375
3 0.78125 0.92890625 0.24375 0.134375
3 0.2296875 0.95390625 0.4296875 0.0921875