3 0.17109375 0.178125 0.05 0.059375
3 0.2375 0.33671875 0.25859375 0.3484375
3 0.10625 0.4484375 0.0375 0.08125
3 0.62265625 0.1890625 0.12109375 0.15546875
3 0.73359375 0.68125 0.075 0.10390625
3 0.02890625 0.4359375 0.0578125 0.103125
3 0.39765625 0.20703125 0.09609375 0.1484375
3 0.14375 0.08515625 0.0625 0.12578125
3 0.19765625 0.42578125 0.07109375 0.12578125
3 0.07265625 0.240625 0.05390625 0.08125
3 0.35859375 0.0484375 0.1 0.09609375
3 0.30390625 0.15546875 0.10859375 0.178125
3 0.39375 0.49609375 0.19609375 0.11875
3 0.62109375 0.84453125 0.075 0.0890625
3 0.9078125 0.584375 0.184375 0.534375
3 0.02109375 0.2484375 0.04140625 0.140625
3 0.69765625 0.059375 0.59609375 0.11875
3 0.00859375 0.759375 0.01640625 0.48125
3 0.10234375 0.01875 0.19609375 0.03671875