3 0.2 0.940625 0.05859375 0.11875
3 0.5828125 0.9921875 0.075 0.015625
3 0.22109375 0.91484375 0.05 0.1109375
3 0.45390625 0.92578125 0.075 0.1484375
3 0.38515625 0.90703125 0.07890625 0.1703125
3 0.07890625 0.740625 0.04140625 0.0890625
3 0.121875 0.9328125 0.053125 0.134375
3 0.30625 0.76328125 0.05390625 0.10390625
3 0.18515625 0.959375 0.04609375 0.08125
3 0.07265625 0.4515625 0.0875 0.1484375
3 0.00234375 0.83671875 0.00390625 0.26640625
3 0.15 0.77421875 0.08359375 0.140625
3 0.92734375 0.540625 0.1375 0.3109375
3 0.04609375 0.57421875 0.06640625 0.12578125
3 0.01015625 0.965625 0.0203125 0.065625
3 0.74765625 0.7515625 0.4875 0.3484375
3 0.49140625 0.6484375 0.1 0.2
3 0.29140625 0.5484375 0.15 0.28125
3 0.60390625 0.48125 0.19140625 0.28125