1 0.36875 0.46328125 0.09609375 0.15546875
3 0.06015625 0.63671875 0.07890625 0.11875
1 0.86484375 0.66640625 0.1375 0.23671875
1 0.72109375 0.678125 0.1 0.18515625
1 0.47734375 0.48125 0.10390625 0.1484375
1 0.57890625 0.54453125 0.1 0.15546875
3 0.6515625 0.44765625 0.696875 0.8671875
3 0.03359375 0.8703125 0.06640625 0.259375
3 0.9015625 0.10703125 0.196875 0.2140625
3 0.07890625 0.2359375 0.1578125 0.415625
3 0.37109375 0.8109375 0.10859375 0.18515625
3 0.2625 0.22578125 0.13359375 0.2
3 0.63359375 0.740625 0.16640625 0.28125
3 0.13984375 0.79296875 0.14609375 0.2515625