1 0.33359375 0.459375 0.1 0.16328125
1 0.81875 0.6703125 0.12890625 0.18515625
1 0.52890625 0.53359375 0.1 0.16328125
1 0.68359375 0.6703125 0.10859375 0.18515625
3 0.03125 0.6296875 0.0625 0.11875
1 0.43515625 0.478125 0.0875 0.140625
3 0.32265625 0.80390625 0.12890625 0.18515625
3 0.01015625 0.8703125 0.0203125 0.259375
3 0.63359375 0.440625 0.725 0.88125
3 0.06015625 0.2328125 0.1203125 0.40625
3 0.88125 0.13359375 0.2375 0.26640625
3 0.225 0.21875 0.13359375 0.21484375
3 0.1 0.78125 0.14140625 0.24453125
3 0.58984375 0.73359375 0.17109375 0.28125