3 0.06015625 0.63671875 0.07890625 0.11875
1 0.37109375 0.46328125 0.09140625 0.15546875
1 0.86640625 0.66640625 0.14140625 0.2515625
1 0.72265625 0.68515625 0.09609375 0.1703125
1 0.47734375 0.48515625 0.10390625 0.15546875
1 0.57890625 0.54453125 0.1 0.15546875
3 0.03359375 0.8703125 0.06640625 0.259375
3 0.6515625 0.44765625 0.696875 0.8671875
3 0.896875 0.10703125 0.203125 0.2140625
3 0.36875 0.81484375 0.1125 0.19296875
3 0.07890625 0.2328125 0.1578125 0.40625
3 0.26640625 0.22578125 0.13359375 0.2
3 0.1375 0.79296875 0.15 0.2515625
3 0.63359375 0.74453125 0.16640625 0.27421875