3 0.09140625 0.54453125 0.08359375 0.140625
3 0.24375 0.98515625 0.05390625 0.0296875
3 0.325 0.87421875 0.05859375 0.10390625
3 0.41015625 0.9703125 0.0875 0.059375
3 0.75859375 0.8296875 0.475 0.340625
3 0.06640625 0.67421875 0.075 0.13359375
3 0.4703125 0.97734375 0.075 0.0453125
3 0.51640625 0.76640625 0.1 0.18515625
3 0.00859375 0.90703125 0.01640625 0.18515625
3 0.1375 0.99609375 0.06640625 0.00703125
3 0.94140625 0.621875 0.11640625 0.29609375
3 0.16875 0.8703125 0.0875 0.1703125
3 0.3125 0.63359375 0.16640625 0.31875
3 0.63359375 0.57421875 0.19140625 0.2890625