3 0.15859375 0.0359375 0.1703125 0.071875
3 0.32578125 0.20625 0.075 0.053125
3 0.01484375 0.63515625 0.0296875 0.096875
3 0.7515625 0.03359375 0.096875 0.065625
3 0.321875 0.93515625 0.1703125 0.1046875
3 0.21875 0.23984375 0.125 0.071875
3 0.3703125 0.32265625 0.11875 0.0625
3 0.29609375 0.72734375 0.1484375 0.096875
3 0.60703125 0.18359375 0.134375 0.075
3 0.1890625 0.88359375 0.378125 0.2328125
3 0.3703125 0.39140625 0.1484375 0.084375
3 0.32578125 0.05859375 0.221875 0.109375
3 0.1890625 0.48515625 0.15625 0.1125
3 0.821875 0.55 0.35625 0.359375
3 0.540625 0.68359375 0.4 0.340625
3 0.07421875 0.28515625 0.1484375 0.2125
3 0.7625 0.98984375 0.20625 0.0203125