3 0.9484375 0.459375 0.103125 0.109375
3 0.36640625 0.9625 0.125 0.075
1 0.5484375 0.64609375 0.178125 0.1
1 0.3296875 0.29609375 0.1703125 0.090625
1 0.32578125 0.15859375 0.20625 0.15
1 0.51875 0.54609375 0.1484375 0.109375
1 0.459375 0.44765625 0.1484375 0.0875
3 0.5484375 0.35625 0.859375 0.696875
3 0.2 0.65390625 0.20625 0.115625
3 0.1296875 0.97890625 0.259375 0.0421875
3 0.878125 0.10625 0.24375 0.2125
3 0.78515625 0.75625 0.20625 0.1296875
3 0.21875 0.88515625 0.24375 0.146875
3 0.76328125 0.93125 0.4296875 0.1375
3 0.26640625 0.3875 0.28125 0.175