3 0.69609375 0.1 0.221875 0.125
3 0.93671875 0.03359375 0.125 0.065625
3 0.80703125 0.29375 0.134375 0.078125
3 0.640625 0.37109375 0.1109375 0.065625
3 0.63671875 0.0375 0.178125 0.075
3 0.30390625 0.83515625 0.1484375 0.078125
3 0.71484375 0.77890625 0.15625 0.0921875
3 0.40390625 0.23515625 0.15625 0.0875
3 0.821875 0.53984375 0.1484375 0.121875
3 0.640625 0.44375 0.140625 0.0875
3 0.6890625 0.95859375 0.178125 0.0828125
3 0.49296875 0.72890625 0.3625 0.334375
3 0.82265625 0.90859375 0.3546875 0.1828125
3 0.18203125 0.6046875 0.3640625 0.359375
3 0.9296875 0.33515625 0.140625 0.221875