3 0.9640625 0.0109375 0.071875 0.021875
3 0.27734375 0.63359375 0.07890625 0.1703125
3 0.578125 0.06640625 0.134375 0.1328125
3 0.48515625 0.578125 0.07890625 0.11875
3 0.36015625 0.63359375 0.0875 0.12578125
3 0.925 0.80703125 0.15 0.29609375
1 0.79609375 0.38125 0.09140625 0.15546875
1 0.9 0.40390625 0.09140625 0.140625
1 0.975 0.44453125 0.05 0.16328125
3 0.8 0.74453125 0.09140625 0.15546875
3 0.0625 0.559375 0.125 0.76328125
3 0.8640625 0.42578125 0.271875 0.8515625
3 0.9875 0.66328125 0.025 0.2890625
3 0.69140625 0.15546875 0.13359375 0.20703125
3 0.2 0.24453125 0.15859375 0.4890625
3 0.475 0.2 0.20859375 0.4
3 0.27265625 0.84453125 0.5453125 0.3109375
3 0.56640625 0.7296875 0.14140625 0.259375