3 0.21875 0.38515625 0.065625 0.046875
3 0.784375 0.9640625 0.103125 0.071875
3 0.08515625 0.81015625 0.1703125 0.371875
3 0.07421875 0.57109375 0.1484375 0.1
3 0.12578125 0.36015625 0.134375 0.071875
3 0.2484375 0.85859375 0.1703125 0.125
3 0.27421875 0.2875 0.075 0.05
3 0.5296875 0.65 0.215625 0.165625
3 0.20390625 0.53359375 0.2 0.125
3 0.2515625 0.625 0.1484375 0.109375
3 0.48125 0.41015625 0.134375 0.078125
3 0.12578125 0.12734375 0.1625 0.1125
3 0.278125 0.21484375 0.140625 0.078125
3 0.42890625 0.04765625 0.3109375 0.0953125
3 0.00703125 0.6703125 0.0140625 0.225
3 0.03671875 0.309375 0.0734375 0.203125
3 0.7703125 0.11640625 0.459375 0.2328125