3 0.525 0.15546875 0.06640625 0.11875
3 0.8 0.30390625 0.11640625 0.16328125
3 0.57734375 0.521875 0.07890625 0.12578125
3 0.75234375 0.1 0.10390625 0.15546875
3 0.70390625 0.2515625 0.125 0.20703125
3 0.02109375 0.65546875 0.04140625 0.15546875
3 0.44765625 0.30703125 0.05390625 0.1109375
3 0.38359375 0.31484375 0.08359375 0.140625
3 0.80234375 0.60390625 0.24609375 0.2296875
3 0.05 0.26328125 0.1 0.1703125
3 0.2875 0.14453125 0.10859375 0.15546875
3 0.00625 0.1484375 0.0125 0.29609375
3 0.13125 0.459375 0.2625 0.3109375
3 0.225 0.79609375 0.35859375 0.40703125
3 0.85234375 0.01484375 0.2375 0.0296875
3 0.478125 0.0515625 0.209375 0.103125