3 0.82578125 0.84375 0.24375 0.078125
3 0.33671875 0.92734375 0.140625 0.0875
3 0.74453125 0.48984375 0.2 0.096875
3 0.8 0.76484375 0.11875 0.0625
3 0.9109375 0.21484375 0.178125 0.1125
3 0.82109375 0.98984375 0.1328125 0.0203125
3 0.78125 0.40625 0.184375 0.103125
3 0.50703125 0.16875 0.4375 0.3375
3 0.9296875 0.93359375 0.140625 0.1328125
3 0.47421875 0.37734375 0.221875 0.121875
3 0.9328125 0.74453125 0.134375 0.1546875
3 0.26328125 0.23125 0.303125 0.2375
3 0.31875 0.61875 0.3703125 0.2046875