3 0.603125 0.9328125 0.078125 0.134375
3 0.91875 0.4703125 0.0875 0.140625
3 0.77578125 0.94765625 0.0578125 0.1046875
3 0.68515625 0.80390625 0.053125 0.096875
3 0.54140625 0.95546875 0.075 0.0890625
3 0.24453125 0.803125 0.4796875 0.39375
3 0.87265625 0.9515625 0.0625 0.096875
3 0.91875 0.76640625 0.046875 0.096875
3 0.84375 0.8 0.0875 0.1625
3 0.8125 0.97734375 0.05 0.0453125
3 0.69765625 0.57421875 0.153125 0.303125
3 0.07265625 0.559375 0.1375 0.2890625
3 0.94375 0.60390625 0.078125 0.140625
3 0.98984375 0.98046875 0.0203125 0.0359375
3 0.49765625 0.69296875 0.096875 0.215625
3 0.99609375 0.85078125 0.0078125 0.2515625
3 0.375 0.51875 0.190625 0.296875