3 0.63671875 0.06015625 0.11875 0.078125
1 0.46640625 0.37109375 0.1484375 0.090625
1 0.66328125 0.86640625 0.259375 0.140625
1 0.69296875 0.72109375 0.1703125 0.1
1 0.54453125 0.57890625 0.15625 0.1
1 0.4890625 0.47890625 0.1484375 0.1
3 0.44453125 0.65390625 0.875 0.690625
3 0.8703125 0.03515625 0.259375 0.0703125
3 0.2359375 0.07890625 0.415625 0.1578125
3 0.8109375 0.37109375 0.184375 0.109375
3 0.2296875 0.26484375 0.20625 0.1375
3 0.10390625 0.89765625 0.20625 0.2046875
3 0.740625 0.63359375 0.265625 0.165625
3 0.79296875 0.1375 0.2515625 0.140625