3 0.71640625 0.30390625 0.05859375 0.0890625
3 0.68984375 0.19296875 0.07109375 0.11875
3 0.9578125 0.3625 0.084375 0.1625
3 0.87734375 0.2890625 0.1375 0.20703125
3 0.74375 0.58515625 0.07890625 0.13359375
3 0.44609375 0.18125 0.11640625 0.18515625
3 0.20625 0.28515625 0.09609375 0.1703125
3 0.03359375 0.3109375 0.06640625 0.19296875
3 0.08515625 0.16640625 0.1703125 0.3328125
3 0.9578125 0.05546875 0.084375 0.1109375
3 0.5375 0.3515625 0.08359375 0.15546875
3 0.38515625 0.8109375 0.3625 0.378125
3 0.25 0.521875 0.33359375 0.40703125
3 0.64140625 0.0703125 0.20859375 0.140625