3 0.68359375 0.515625 0.125 0.23125
3 0.64609375 0.128125 0.05 0.06875
3 0.60859375 0.446875 0.23359375 0.15625
3 0.46875 0.690625 0.0875 0.10625
3 0.52734375 0.115625 0.07890625 0.14375
3 0.475 0.0625 0.09140625 0.125
3 0.67734375 0.215625 0.0875 0.15625
3 0.91875 0.534375 0.09609375 0.13125
3 0.9625 0.78125 0.075 0.225
3 0.0625 0.1 0.11640625 0.2
3 0.78125 0.484375 0.12109375 0.26875
3 0.70390625 0.725 0.24140625 0.2125
3 0.43515625 0.5625 0.0625 0.1125
3 0.14375 0.25625 0.27109375 0.2625
3 0.84375 0.896875 0.07890625 0.19375
3 0.44375 0.221875 0.42890625 0.24375
3 0.55625 0.8875 0.45390625 0.225
3 0.15234375 0.68125 0.29609375 0.6375
3 0.92265625 0.35625 0.15390625 0.6125