3 0.2 0.94453125 0.05859375 0.1109375
3 0.21875 0.921875 0.04609375 0.1109375
3 0.58515625 0.99609375 0.07890625 0.00703125
3 0.4515625 0.9328125 0.071875 0.134375
3 0.38515625 0.91484375 0.07890625 0.1703125
3 0.075 0.74453125 0.04140625 0.08125
3 0.30625 0.76640625 0.05390625 0.09609375
3 0.12109375 0.93671875 0.05859375 0.12578125
3 0.184375 0.9625 0.046875 0.075
3 0.07265625 0.4515625 0.0875 0.1484375
3 0.14765625 0.77421875 0.0875 0.140625
3 0.92734375 0.540625 0.1375 0.28125
3 0.04609375 0.578125 0.06640625 0.11875
3 0.01015625 0.965625 0.0203125 0.065625
3 0.49140625 0.6515625 0.1 0.20703125
3 0.74765625 0.76328125 0.4875 0.35546875
3 0.29140625 0.5484375 0.15 0.28125
3 0.60625 0.48515625 0.1875 0.27421875