3 0.42109375 0.63671875 0.06640625 0.178125
3 0.63515625 0.59296875 0.07890625 0.11875
3 0.72734375 0.059375 0.12890625 0.11875
3 0.04375 0.1109375 0.0875 0.20703125
1 0.94140625 0.39609375 0.09140625 0.15546875
3 0.50625 0.63671875 0.0875 0.11875
3 0.9328125 0.43671875 0.134375 0.8734375
3 0.1375 0.5890625 0.275 0.79296875
3 0.94140625 0.75546875 0.11640625 0.20703125
3 0.34765625 0.26328125 0.17109375 0.52578125
3 0.3453125 0.8625 0.690625 0.275
3 0.8375 0.1703125 0.13359375 0.20703125
3 0.71640625 0.74453125 0.14140625 0.259375
3 0.62734375 0.21875 0.2125 0.43671875