3 0.725 0.11484375 0.065625 0.125
3 0.66640625 0.45546875 0.075 0.125
3 0.82109375 0.25546875 0.109375 0.125
3 0.51015625 0.059375 0.096875 0.11875
3 0.45390625 0.23359375 0.109375 0.15625
3 0.88125 0.56328125 0.103125 0.221875
3 0.2359375 0.0703125 0.471875 0.140625
3 0.55234375 0.16328125 0.1125 0.221875
3 0.86484375 0.25546875 0.071875 0.125
3 0.46015625 0.50390625 0.2125 0.221875
3 0.95 0.10390625 0.1 0.1484375
3 0.98984375 0.4328125 0.0203125 0.31875
3 0.76640625 0.0296875 0.2 0.059375
3 0.92265625 0.76640625 0.153125 0.465625