3 0.38515625 0.21875 0.04609375 0.06640625
3 0.9640625 0.784375 0.071875 0.103125
3 0.81015625 0.08515625 0.37109375 0.1703125
3 0.57109375 0.07421875 0.1 0.1484375
3 0.36015625 0.12578125 0.07109375 0.13359375
3 0.85859375 0.2484375 0.125 0.1703125
3 0.2875 0.27421875 0.05 0.07421875
3 0.65 0.5296875 0.16640625 0.21484375
3 0.53359375 0.20390625 0.125 0.2
3 0.625 0.2515625 0.10859375 0.1484375
3 0.41015625 0.48125 0.07890625 0.13359375
3 0.12734375 0.12578125 0.1125 0.16328125
3 0.21484375 0.278125 0.07890625 0.140625
3 0.04765625 0.42890625 0.0953125 0.3109375
3 0.6703125 0.00703125 0.225 0.0140625
3 0.309375 0.03671875 0.203125 0.0734375
3 0.11640625 0.7703125 0.2328125 0.459375