3 0.96015625 0.20390625 0.07109375 0.140625
3 0.225 0.05546875 0.06640625 0.1109375
3 0.41875 0.31484375 0.0625 0.1109375
3 0.41015625 0.059375 0.0875 0.11875
3 0.24375 0.040625 0.05390625 0.08125
3 0.75 0.0296875 0.49140625 0.059375
3 0.05625 0.3109375 0.1125 0.2515625
3 0.47265625 0.06328125 0.07890625 0.12578125
3 0.00859375 0.01875 0.01640625 0.03671875
3 0.1375 0.1 0.06640625 0.2
3 0.20234375 0.08125 0.05390625 0.11875
3 0.01875 0.1109375 0.0375 0.11875
3 0.22109375 0.278125 0.10859375 0.18515625
2 0.5 0.65546875 1 0.6890625