3 0.74609375 0.3109375 0.05859375 0.0890625
3 0.71640625 0.2 0.08359375 0.13359375
3 0.34609375 0.29609375 0.05 0.0890625
3 0.9703125 0.07421875 0.059375 0.1484375
3 0.16875 0.7 0.07890625 0.12578125
3 0.9125 0.3109375 0.13359375 0.221875
3 0.22734375 0.2890625 0.0875 0.16328125
3 0.96875 0.36640625 0.0625 0.15546875
3 0.63125 0.36328125 0.07109375 0.10390625
3 0.94140625 0.721875 0.10859375 0.1109375
3 0.47109375 0.18515625 0.11640625 0.16328125
3 0.55859375 0.36328125 0.08359375 0.1484375
3 0.76875 0.6 0.0875 0.1484375
3 0.03984375 0.3109375 0.07890625 0.19296875
3 0.09765625 0.159375 0.1953125 0.31875
3 0.40859375 0.8109375 0.36640625 0.378125
3 0.27890625 0.48515625 0.33359375 0.31875
3 0.66484375 0.0703125 0.2125 0.140625