3 0.121875 0.0359375 0.19375 0.071875
3 0.9875 0.85859375 0.025 0.134375
3 0.171875 0.29375 0.18125 0.246875
3 0.40625 0.22265625 0.2625 0.1125
3 0.771875 0.475 0.14375 0.075
3 0.321875 0.57109375 0.11875 0.059375
3 0.675 0.32265625 0.175 0.0875
3 0.34375 0.08125 0.125 0.096875
3 0.815625 0.93125 0.23125 0.128125
3 0.83125 0.53125 0.125 0.0875
3 0.6375 0.85625 0.2625 0.271875
3 0.43125 0.39140625 0.1875 0.25
3 0.278125 0.84765625 0.54375 0.3046875
3 0.659375 0.55234375 0.24375 0.4375
3 0.528125 0.0796875 0.61875 0.159375