3 0.4078125 0.94765625 0.084375 0.1046875
3 0.32109375 0.83671875 0.05859375 0.10390625
3 0.46875 0.9703125 0.07890625 0.059375
3 0.13359375 0.9703125 0.06640625 0.059375
3 0.19609375 0.9890625 0.05 0.021875
3 0.06484375 0.6296875 0.07109375 0.13359375
3 0.16640625 0.8296875 0.09140625 0.16328125
3 0.7625 0.821875 0.46640625 0.35546875
3 0.00859375 0.88125 0.01640625 0.23671875
3 0.93515625 0.6 0.12890625 0.29609375
3 0.01640625 0.9953125 0.0328125 0.00625
3 0.52109375 0.721875 0.11640625 0.21484375
3 0.31015625 0.59609375 0.1625 0.31875
3 0.63125 0.5484375 0.19609375 0.28125