3 0.19140625 0.121875 0.109375 0.15625
3 0.42265625 0.16640625 0.071875 0.125
3 0.50234375 0.32578125 0.071875 0.11875
3 0.1375 0.32578125 0.115625 0.178125
3 0.65859375 0.159375 0.115625 0.15625
3 0.77890625 0.27421875 0.059375 0.075
3 0.36640625 0.5484375 0.084375 0.1484375
3 0.90234375 0.26640625 0.096875 0.1625
3 0.14765625 0.64453125 0.246875 0.178125
3 0.24140625 0.259375 0.125 0.20625
3 0.56640625 0.31875 0.084375 0.1484375
3 0.96875 0.18515625 0.0625 0.3703125
3 0.10625 0.03359375 0.203125 0.065625
3 0.72109375 0.8 0.365625 0.4
3 0.83984375 0.45859375 0.3203125 0.3265625
3 0.4671875 0.0515625 0.215625 0.103125