3 0.6875 0.484375 0.1 0.23125
3 0.47265625 0.690625 0.09609375 0.11875
3 0.29375 0.91875 0.09609375 0.1375
3 0.72265625 0.290625 0.0375 0.06875
3 0.52109375 0.090625 0.075 0.15625
3 0.60859375 0.4625 0.23359375 0.2
3 0.47734375 0.06875 0.09609375 0.125
3 0.91875 0.5375 0.09609375 0.125
3 0.96015625 0.784375 0.07890625 0.24375
3 0.69375 0.71875 0.2375 0.1875
3 0.77109375 0.48125 0.11640625 0.3
3 0.42890625 0.559375 0.05859375 0.10625
3 0.675 0.228125 0.09140625 0.16875
3 0.05625 0.09375 0.09609375 0.1875
3 0.84140625 0.896875 0.08359375 0.19375
3 0.14609375 0.2625 0.26640625 0.2625
3 0.44375 0.228125 0.42890625 0.23125
3 0.56015625 0.884375 0.47109375 0.23125
3 0.15234375 0.678125 0.29609375 0.64375
3 0.91875 0.353125 0.1625 0.60625