3 0.19296875 0.95859375 0.134375 0.0671875
3 0.3890625 0.05859375 0.08125 0.05
3 0.06328125 0.22109375 0.125 0.065625
3 0.340625 0.57109375 0.2375 0.109375
3 0.2890625 0.0625 0.2515625 0.125
3 0.0515625 0.40546875 0.103125 0.0796875
3 0.30703125 0.41875 0.125 0.0625
3 0.07421875 0.20234375 0.134375 0.053125
3 0.06640625 0.471875 0.1328125 0.078125
3 0.09609375 0.13671875 0.1921875 0.0578125
3 0.00703125 0.0078125 0.0140625 0.015625
3 0.10390625 0.01875 0.11875 0.0375
3 0.2703125 0.22265625 0.184375 0.1125
2 0.65546875 0.5 0.6890625 1