3 0.93984375 0.63359375 0.078125 0.1109375
1 0.625 0.4515625 0.090625 0.1625
1 0.1375 0.66328125 0.140625 0.215625
1 0.28125 0.678125 0.103125 0.184375
1 0.42265625 0.540625 0.0875 0.1484375
1 0.52265625 0.48125 0.103125 0.1484375
3 0.96640625 0.8703125 0.065625 0.24375
3 0.34609375 0.440625 0.690625 0.88125
3 0.62890625 0.80703125 0.109375 0.20625
3 0.92109375 0.2328125 0.1578125 0.40625
3 0.73359375 0.22578125 0.134375 0.215625
3 0.0984375 0.09609375 0.196875 0.1921875
3 0.36875 0.73359375 0.171875 0.28125
3 0.86015625 0.7890625 0.1375 0.259375