3 0.17734375 0.178125 0.046875 0.075
3 0.62890625 0.1890625 0.115625 0.15625
3 0.41015625 0.2109375 0.103125 0.15625
3 0.7375 0.68515625 0.084375 0.1109375
3 0.08125 0.24453125 0.053125 0.103125
3 0.15859375 0.08515625 0.065625 0.125
3 0.03984375 0.43671875 0.0625 0.103125
3 0.31484375 0.15546875 0.1125 0.178125
3 0.36640625 0.0484375 0.1 0.096875
3 0.63125 0.8515625 0.078125 0.0890625
3 0.4125 0.4703125 0.209375 0.184375
3 0.20625 0.43359375 0.071875 0.125
3 0.02734375 0.2484375 0.053125 0.140625
3 0.70234375 0.06328125 0.5875 0.125
3 0.9125 0.5890625 0.175 0.5109375
3 0.0125 0.759375 0.025 0.48125
3 0.1125 0.01484375 0.2 0.0296875