3 0.87734375 0.278125 0.071875 0.13125
3 0.91875 0.28125 0.0875 0.1375
3 0.94140625 0.225 0.084375 0.15
3 0.83984375 0.321875 0.078125 0.13125
3 0.08359375 0.375 0.090625 0.1375
3 0.92109375 0.33125 0.084375 0.1
3 0.60859375 0.025 0.075 0.05
3 0.53515625 0.1125 0.0625 0.1
3 0.14375 0.49375 0.196875 0.2125
3 0.75234375 0.63125 0.096875 0.1625
3 0.18125 0.740625 0.146875 0.23125
3 0.04765625 0.215625 0.0953125 0.13125
3 0.83984375 0.43125 0.271875 0.1375
3 0.23984375 0.178125 0.478125 0.35625
3 0.4125 0.44375 0.35 0.3