3 0.059375 0.65234375 0.11875 0.121875
3 0.640625 0.35 0.1703125 0.065625
3 0.58515625 0.5625 0.103125 0.075
3 0.63671875 0.43125 0.11875 0.078125
1 0.39609375 0.86875 0.1703125 0.103125
1 0.41875 0.9640625 0.140625 0.071875
3 0.75546875 0.87265625 0.19375 0.096875
3 0.43671875 0.896875 0.8734375 0.203125
3 0.17421875 0.7625 0.215625 0.134375
3 0.8625 0.3078125 0.275 0.615625
3 0.259375 0.275 0.51875 0.165625
3 0.2109375 0.54765625 0.421875 0.221875
3 0.58515625 0.1 0.7703125 0.2
3 0.74453125 0.63984375 0.259375 0.146875