3 0.98125 0.21484375 0.0375 0.0625
3 0.840625 0.325 0.096875 0.059375
3 0.81796875 0.7578125 0.3640625 0.475
3 0.9703125 0.23515625 0.059375 0.053125
3 0.959375 0.40859375 0.08125 0.084375
3 0.97734375 0.13671875 0.0453125 0.0671875
3 0.97734375 0.4703125 0.0453125 0.084375
3 0.61875 0.93515625 0.31875 0.1296875
3 0.6515625 0.06640625 0.134375 0.075
3 0.840625 0.16640625 0.1703125 0.090625
3 0.73359375 0.52265625 0.221875 0.1125
3 0.8921875 0.00625 0.215625 0.0125
3 0.61875 0.31015625 0.303125 0.153125
3 0.55546875 0.63359375 0.296875 0.2