3 0.96640625 0.27109375 0.065625 0.115625
3 0.15546875 0.2375 0.2515625 0.175
1 0.3515625 0.42890625 0.15625 0.084375
1 0.378125 0.56484375 0.19375 0.128125
1 0.58125 0.07890625 0.15625 0.1
3 0.12265625 0.8265625 0.2453125 0.346875
1 0.57421875 0.18984375 0.140625 0.096875
3 0.559375 0.46015625 0.88125 0.9125
3 0.31875 0.92734375 0.2515625 0.1375
1 0.5109375 0.28359375 0.1625 0.1
3 0.2296875 0.07890625 0.178125 0.109375
3 0.859375 0.9015625 0.28125 0.196875
3 0.8109375 0.02109375 0.2296875 0.040625
3 0.89609375 0.68125 0.20625 0.3375
3 0.3 0.34609375 0.303125 0.184375