1 0.4515625 0.62734375 0.1625 0.096875
3 0.63359375 0.93984375 0.1109375 0.078125
1 0.68515625 0.28125 0.184375 0.096875
1 0.66640625 0.1375 0.221875 0.15
1 0.53671875 0.42890625 0.15625 0.090625
1 0.48125 0.52265625 0.1484375 0.103125
3 0.87421875 0.96875 0.2515625 0.0625
3 0.440625 0.3484375 0.88125 0.696875
3 0.80703125 0.62890625 0.20625 0.109375
3 0.10703125 0.0984375 0.2140625 0.196875
3 0.2328125 0.92109375 0.421875 0.1578125
3 0.221875 0.73515625 0.20625 0.1296875
3 0.73359375 0.36640625 0.28125 0.165625
3 0.78515625 0.86015625 0.2515625 0.146875