3 0.80234375 0.04453125 0.05390625 0.07421875
3 0.8703125 0.5140625 0.259375 0.184375
3 0.51640625 0.4 0.05859375 0.07421875
3 0.89609375 0.259375 0.06640625 0.178125
3 0.02265625 0.84765625 0.0453125 0.2453125
3 0.7875 0.221875 0.05 0.07421875
3 0.27265625 0.72578125 0.05390625 0.0890625
3 0.9953125 0.4328125 0.009375 0.096875
3 0.32265625 0.03359375 0.1125 0.06640625
3 0.45859375 0.2890625 0.1 0.19296875
3 0.71484375 0.42578125 0.32109375 0.3484375
3 0.47734375 0.140625 0.27109375 0.28125
3 0.66484375 0.2296875 0.0875 0.1484375
3 0.90859375 0.09296875 0.1 0.15546875
3 0.975 0.2515625 0.05 0.1484375
3 0.83125 0.759375 0.3375 0.48125
3 0.99765625 0.01875 0.00390625 0.03671875
3 0.1625 0.3515625 0.325 0.46640625