3 0.484375 0.6875 0.23125 0.1
3 0.690625 0.47265625 0.11875 0.096875
3 0.91875 0.29375 0.1375 0.096875
3 0.290625 0.72265625 0.06875 0.0375
3 0.090625 0.52109375 0.15625 0.075
3 0.4625 0.60859375 0.2 0.234375
3 0.06875 0.47734375 0.125 0.096875
3 0.5375 0.91875 0.125 0.096875
3 0.784375 0.96015625 0.24375 0.0796875
3 0.71875 0.69375 0.1875 0.2375
3 0.48125 0.77109375 0.3 0.115625
3 0.559375 0.42890625 0.10625 0.059375
3 0.228125 0.675 0.16875 0.090625
3 0.09375 0.05625 0.1875 0.096875
3 0.896875 0.84140625 0.19375 0.084375
3 0.2625 0.14609375 0.2625 0.265625
3 0.228125 0.44375 0.23125 0.428125
3 0.884375 0.56015625 0.23125 0.471875
3 0.678125 0.15234375 0.64375 0.296875
3 0.353125 0.91875 0.60625 0.1625