1 0.27890625 0.7 0.090625 0.1703125
1 0.13515625 0.7 0.1375 0.1703125
3 0.93984375 0.64453125 0.078125 0.11875
1 0.62890625 0.46640625 0.090625 0.134375
1 0.42109375 0.5484375 0.1 0.1625
3 0.96640625 0.87421875 0.065625 0.2375
1 0.52265625 0.49296875 0.096875 0.140625
3 0.35234375 0.44453125 0.703125 0.8890625
3 0.62734375 0.81484375 0.1125 0.19375
3 0.91875 0.2484375 0.1625 0.39375
3 0.1 0.11484375 0.2 0.2296875
3 0.73359375 0.22578125 0.134375 0.2
3 0.36875 0.7515625 0.171875 0.275
3 0.86484375 0.8 0.146875 0.2515625