3 0.33515625 0.93671875 0.15390625 0.1109375
1 0.6625 0.0296875 0.06640625 0.059375
3 0.2375 0.62578125 0.075 0.12578125
3 0.3625 0.57421875 0.075 0.1109375
1 0.67265625 0.3703125 0.09609375 0.1484375
1 0.77890625 0.3890625 0.1 0.140625
1 0.9828125 0.5734375 0.034375 0.215625
3 0.82109375 0.80390625 0.19140625 0.31875
3 0.20234375 0.8296875 0.39609375 0.32578125
3 0.45859375 0.0703125 0.13359375 0.140625
1 0.875 0.43359375 0.09140625 0.15546875
3 0.80390625 0.42578125 0.39140625 0.8515625
3 0.67890625 0.72578125 0.1 0.178125
3 0.56484375 0.1515625 0.1375 0.21484375
3 0.45 0.72578125 0.14140625 0.2515625
3 0.08125 0.24453125 0.15390625 0.4890625
3 0.9265625 0.63984375 0.146875 0.2890625
3 0.35234375 0.21875 0.2125 0.43671875