3 0.8 0.940625 0.059375 0.11875
3 0.4171875 0.9921875 0.075 0.015625
3 0.77890625 0.91484375 0.05 0.1109375
3 0.54609375 0.92578125 0.075 0.1484375
3 0.61484375 0.90703125 0.078125 0.1703125
3 0.92109375 0.740625 0.040625 0.0890625
3 0.878125 0.9328125 0.053125 0.134375
3 0.69375 0.76328125 0.053125 0.103125
3 0.81484375 0.959375 0.046875 0.08125
3 0.92734375 0.4515625 0.0875 0.1484375
3 0.99765625 0.83671875 0.003125 0.265625
3 0.85 0.77421875 0.084375 0.140625
3 0.07265625 0.540625 0.1375 0.3109375
3 0.95390625 0.57421875 0.065625 0.125
3 0.98984375 0.965625 0.0203125 0.065625
3 0.25234375 0.7515625 0.4875 0.3484375
3 0.50859375 0.6484375 0.1 0.2
3 0.70859375 0.5484375 0.15 0.28125
3 0.39609375 0.48125 0.190625 0.28125