3 0.35234375 0.2109375 0.046875 0.065625
3 0.82890625 0.24453125 0.090625 0.134375
3 0.54296875 0.06640625 0.0953125 0.1328125
3 0.24609375 0.259375 0.059375 0.0890625
3 0.32734375 0.11484375 0.071875 0.125
3 0.48984375 0.19296875 0.1125 0.20625
3 0.7875 0.078125 0.415625 0.15625
3 0.58515625 0.24453125 0.103125 0.1625
3 0.09375 0.1109375 0.1125 0.1484375
3 0.375 0.46640625 0.075 0.11875
3 0.58125 0.521875 0.221875 0.2
3 0.17734375 0.2703125 0.078125 0.140625
3 0.63515625 0.00390625 0.228125 0.00625
3 0.03359375 0.43359375 0.065625 0.303125
3 0.28125 0.03359375 0.196875 0.065625
3 0.1 0.76640625 0.2 0.465625