1 0.56015625 0.59609375 0.0625 0.12578125
3 0.46875 0.4703125 0.1125 0.18515625
3 0.64375 0.8515625 0.07890625 0.0890625
3 0.19140625 0.18125 0.05 0.06640625
3 0.75234375 0.6890625 0.07890625 0.10390625
3 0.41484375 0.49609375 0.19609375 0.1484375
3 0.05 0.43671875 0.05859375 0.10390625
3 0.42265625 0.2109375 0.10390625 0.15546875
3 0.16875 0.09296875 0.07109375 0.1109375
3 0.378125 0.0515625 0.1 0.103125
3 0.09140625 0.24453125 0.05 0.0890625
3 0.32734375 0.16328125 0.1125 0.178125
3 0.70859375 0.06328125 0.56640625 0.12578125
3 0.21640625 0.43359375 0.075 0.12578125
3 0.03125 0.2515625 0.0625 0.1484375
3 0.01875 0.7625 0.0375 0.475
3 0.9203125 0.603125 0.159375 0.525
3 0.12109375 0.01875 0.2 0.03671875