3 0.52265625 0.6515625 0.09609375 0.13359375
3 0.45234375 0.3484375 0.20390625 0.221875
3 0.20234375 0.00390625 0.0625 0.00703125
3 0.54765625 0.24453125 0.09609375 0.178125
3 0.584375 0.06640625 0.078125 0.1328125
3 0.39765625 0.58515625 0.05390625 0.07421875
3 0.38359375 0.00390625 0.075 0.00703125
3 0.5125 0.48125 0.05859375 0.059375
3 0.39375 0.19609375 0.0625 0.1109375
3 0.92265625 0.09609375 0.05390625 0.11875
3 0.45234375 0.01875 0.07890625 0.03671875
3 0.11875 0.04453125 0.05390625 0.0890625
3 0.18359375 0.01875 0.04140625 0.03671875
3 0.9640625 0.3734375 0.071875 0.3625
3 0.70859375 0.4515625 0.21640625 0.340625
3 0.00859375 0.02578125 0.01640625 0.0515625
3 0.20390625 0.16328125 0.11640625 0.178125
3 0.05234375 0.19296875 0.10390625 0.28125
2 0.5 0.64765625 1 0.7046875