1 0.37109375 0.4703125 0.1 0.15546875
3 0.06015625 0.63671875 0.07890625 0.11875
1 0.72109375 0.69609375 0.1 0.178125
1 0.86640625 0.66640625 0.14140625 0.23671875
1 0.58125 0.54453125 0.10390625 0.15546875
1 0.47734375 0.48515625 0.10390625 0.15546875
3 0.03359375 0.8703125 0.06640625 0.259375
3 0.65390625 0.440625 0.69140625 0.88125
3 0.9 0.10390625 0.2 0.20703125
3 0.37109375 0.8109375 0.10859375 0.18515625
3 0.07734375 0.240625 0.15390625 0.40703125
3 0.26484375 0.2296875 0.1375 0.20703125
3 0.63125 0.73671875 0.17109375 0.27421875
3 0.1375 0.79296875 0.14140625 0.2515625