3 0.36640625 0.06015625 0.1109375 0.078125
1 0.54453125 0.375 0.15625 0.090625
1 0.31875 0.71875 0.178125 0.103125
1 0.46328125 0.57265625 0.15625 0.0875
1 0.3296875 0.86484375 0.2296875 0.146875
1 0.51875 0.47734375 0.1484375 0.103125
3 0.13046875 0.03515625 0.2453125 0.0703125
3 0.559375 0.6515625 0.88125 0.696875
3 0.19609375 0.37109375 0.2 0.109375
3 0.7703125 0.07890625 0.4 0.1578125
3 0.90390625 0.9 0.1921875 0.2
3 0.778125 0.26640625 0.20625 0.134375
3 0.26640625 0.63359375 0.28125 0.165625
3 0.2109375 0.13984375 0.259375 0.146875