3 0.67421875 0.86875 0.265625 0.253125
3 0.4953125 0.9578125 0.1625 0.084375
1 0.59296875 0.44140625 0.178125 0.115625
1 0.4 0.00234375 0.134375 0.003125
1 0.6109375 0.30390625 0.184375 0.1
3 0.87734375 0.765625 0.2453125 0.465625
1 0.4703125 0.15859375 0.140625 0.084375
1 0.421875 0.0625 0.1484375 0.1
3 0.44453125 0.41640625 0.8890625 0.8328125
3 0.76640625 0.00625 0.215625 0.0125
3 0.140625 0.82265625 0.28125 0.271875
3 0.09296875 0.56015625 0.184375 0.3296875
3 0.68125 0.225 0.296875 0.184375