3 0.06015625 0.63671875 0.07890625 0.11875
1 0.37109375 0.46640625 0.09140625 0.1484375
1 0.86640625 0.66328125 0.14140625 0.259375
1 0.72109375 0.69296875 0.1 0.1703125
1 0.57890625 0.54453125 0.1 0.15546875
1 0.47890625 0.4890625 0.1 0.1484375
3 0.65390625 0.44453125 0.69140625 0.87421875
3 0.03515625 0.8703125 0.0703125 0.259375
3 0.07890625 0.2359375 0.1578125 0.415625
3 0.37109375 0.8109375 0.10859375 0.18515625
3 0.26484375 0.2296875 0.1375 0.20703125
3 0.89765625 0.10390625 0.20390625 0.20703125
3 0.63359375 0.740625 0.16640625 0.26640625
3 0.1375 0.79296875 0.14140625 0.2515625