3 0.4703125 0.25859375 0.096875 0.059375
3 0.25546875 0.87890625 0.1703125 0.134375
3 0.078125 0.81640625 0.15625 0.35
3 0.240625 0.64765625 0.1703125 0.103125
3 0.078125 0.58984375 0.15625 0.096875
3 0.19296875 0.55390625 0.221875 0.134375
3 0.121875 0.375 0.125 0.065625
3 0.478125 0.05625 0.421875 0.1125
3 0.5484375 0.64375 0.221875 0.221875
3 0.48515625 0.42734375 0.140625 0.078125
3 0.27421875 0.23515625 0.1484375 0.0875
3 0.121875 0.14609375 0.15625 0.109375
3 0.040625 0.32890625 0.08125 0.2
3 0.00703125 0.6890625 0.0140625 0.221875
3 0.77421875 0.125 0.4515625 0.25