3 0.91875 0.67421875 0.15390625 0.20703125
3 0.55390625 0.55546875 0.05859375 0.10390625
3 0.1375 0.678125 0.08359375 0.140625
3 0.71015625 0.30703125 0.0625 0.09609375
3 0.86875 0.278125 0.12890625 0.2
3 0.4375 0.17421875 0.11640625 0.1703125
3 0.68359375 0.19609375 0.075 0.12578125
3 0.92109375 0.15546875 0.10859375 0.1484375
3 0.2 0.278125 0.1 0.1703125
3 0.95390625 0.36640625 0.09140625 0.15546875
3 0.7375 0.58125 0.075 0.140625
3 0.53359375 0.3515625 0.08359375 0.15546875
3 0.07890625 0.159375 0.1578125 0.31875
3 0.02734375 0.30703125 0.05390625 0.18515625
3 0.953125 0.0515625 0.084375 0.103125
3 0.24375 0.5109375 0.32890625 0.3703125
3 0.634375 0.06640625 0.2125 0.1328125
3 0.37265625 0.80703125 0.34609375 0.38515625