3 0.36015625 0.2109375 0.05390625 0.06640625
3 0.21640625 0.459375 0.05859375 0.10390625
3 0.33515625 0.12578125 0.07109375 0.13359375
3 0.82734375 0.23359375 0.1125 0.15546875
3 0.7953125 0.07734375 0.409375 0.1546875
3 0.10234375 0.121875 0.1125 0.1703125
3 0.25390625 0.27421875 0.05 0.07421875
3 0.55 0.06640625 0.1 0.1328125
3 0.3875 0.4703125 0.08359375 0.12578125
3 0.60859375 0.51484375 0.2 0.21484375
3 0.59609375 0.2484375 0.10859375 0.15546875
3 0.50390625 0.20703125 0.11640625 0.19296875
3 0.19140625 0.2703125 0.08359375 0.15546875
3 0.03515625 0.43671875 0.0703125 0.3109375
3 0.2875 0.03359375 0.19140625 0.06640625
3 0.10390625 0.765625 0.2078125 0.465625