3 0.45625 0.63359375 0.10390625 0.2
3 0.91640625 0.3484375 0.125 0.16328125
3 0.54765625 0.33359375 0.05390625 0.0890625
3 0.62734375 0.18125 0.07109375 0.12578125
3 0.65625 0.2890625 0.0625 0.0890625
3 0.85859375 0.13359375 0.11640625 0.16328125
3 0.14609375 0.278125 0.10859375 0.1703125
3 0.19609375 0.49609375 0.33359375 0.38515625
3 0.68359375 0.55546875 0.08359375 0.13359375
3 0.8875 0.67421875 0.2 0.1484375
3 0.09765625 0.659375 0.07890625 0.16328125
3 0.80390625 0.278125 0.125 0.2
3 0.3875 0.16328125 0.10859375 0.16328125
3 0.47734375 0.33359375 0.0875 0.1484375
3 0.05234375 0.178125 0.10390625 0.35546875
3 0.9265625 0.0515625 0.146875 0.103125
3 0.57890625 0.06328125 0.20859375 0.12578125
3 0.32109375 0.79609375 0.35 0.40703125