3 0.37890625 0.6296875 0.06640625 0.178125
3 0.675 0.01484375 0.125 0.0296875
3 0.58984375 0.58125 0.07890625 0.09609375
3 0.46015625 0.640625 0.0875 0.12578125
1 0.975 0.41484375 0.05 0.1484375
1 0.89609375 0.39609375 0.09140625 0.1703125
3 0.89765625 0.75546875 0.09609375 0.20703125
3 0.91640625 0.42578125 0.16640625 0.8515625
3 0.79609375 0.1703125 0.13359375 0.221875
3 0.1125 0.58515625 0.225 0.7703125
3 0.30625 0.26328125 0.17890625 0.52578125
3 0.57265625 0.21484375 0.22109375 0.4296875
3 0.31875 0.86640625 0.6375 0.26640625
3 0.66875 0.73671875 0.14609375 0.259375