3 0.5515625 0.34609375 0.125 0.084375
3 0.07421875 0.3875 0.1484375 0.075
3 0.06328125 0.22109375 0.1109375 0.05
3 0.23359375 0.07734375 0.1109375 0.046875
3 0.05234375 0.1203125 0.1046875 0.059375
3 0.059375 0.45234375 0.11875 0.078125
3 0.53671875 0.075 0.140625 0.084375
3 0.21875 0.30859375 0.096875 0.059375
3 0.0296875 0.18515625 0.059375 0.046875
3 0.440625 0.92734375 0.2890625 0.1375
3 0.21484375 0.15 0.1484375 0.084375
3 0.40703125 0.04765625 0.134375 0.071875
3 0.02578125 0.01015625 0.0515625 0.0203125
3 0.20703125 0.75625 0.384375 0.478125
3 0.3296875 0.49765625 0.215625 0.103125
3 0.43359375 0.29375 0.2890625 0.153125
3 0.50390625 0.61015625 0.296875 0.196875