3 0.65 0.3703125 0.09140625 0.11875
3 0.775 0.31875 0.05859375 0.07421875
3 0.5 0.18515625 0.10859375 0.16328125
1 0.89609375 0.621875 0.09140625 0.16328125
3 0.2 0.70390625 0.08359375 0.1484375
3 0.25390625 0.29296875 0.1 0.1703125
3 0.93125 0.30703125 0.12890625 0.259375
3 0.95859375 0.73671875 0.075 0.09609375
3 0.1125 0.1703125 0.225 0.340625
3 0.59375 0.36640625 0.07890625 0.140625
3 0.06015625 0.3140625 0.1203125 0.184375
3 0.80390625 0.6109375 0.08359375 0.140625
3 0.30390625 0.53671875 0.34140625 0.39296875
3 0.43984375 0.821875 0.3625 0.35546875
3 0.70234375 0.078125 0.22109375 0.15546875