1 0.62890625 0.4703125 0.1 0.15625
3 0.93984375 0.63671875 0.078125 0.11875
1 0.27890625 0.69609375 0.1 0.178125
1 0.13359375 0.66640625 0.140625 0.2375
1 0.41875 0.54453125 0.103125 0.15625
1 0.52265625 0.48515625 0.103125 0.15625
3 0.96640625 0.8703125 0.065625 0.259375
3 0.34609375 0.440625 0.690625 0.88125
3 0.1 0.10390625 0.2 0.20625
3 0.62890625 0.8109375 0.109375 0.184375
3 0.92265625 0.240625 0.153125 0.40625
3 0.73515625 0.2296875 0.1375 0.20625
3 0.36875 0.73671875 0.171875 0.275
3 0.8625 0.79296875 0.140625 0.2515625