3 0.5625 0.3109375 0.059375 0.103125
3 0.25859375 0.10390625 0.109375 0.1625
3 0.47890625 0.15546875 0.065625 0.11875
3 0.30625 0.24453125 0.1125 0.19375
3 0.45625 0.259375 0.046875 0.075
3 0.20859375 0.3 0.109375 0.15625
3 0.98359375 0.665625 0.0328125 0.134375
3 0.2125 0.6109375 0.240625 0.2
3 0.42734375 0.5296875 0.078125 0.125
3 0.71875 0.14453125 0.1125 0.15625
3 0.62890625 0.30703125 0.084375 0.140625
3 0.87265625 0.46328125 0.253125 0.334375
3 0.95859375 0.25859375 0.0828125 0.1484375
3 0.159375 0.021875 0.240625 0.04375
3 0.78359375 0.79609375 0.359375 0.40625
3 0.5296875 0.0515625 0.215625 0.103125