3 0.63359375 0.32109375 0.125 0.059375
3 0.84140625 0.0359375 0.1703125 0.071875
3 0.78515625 0.23984375 0.134375 0.071875
3 0.2484375 0.03359375 0.096875 0.065625
3 0.39296875 0.18125 0.134375 0.078125
3 0.98515625 0.63359375 0.0296875 0.0921875
3 0.68125 0.93125 0.178125 0.1046875
3 0.70390625 0.72734375 0.1484375 0.0875
3 0.68125 0.05859375 0.221875 0.115625
3 0.79296875 0.88359375 0.4140625 0.2328125
3 0.6296875 0.39140625 0.1484375 0.090625
3 0.8109375 0.4875 0.15625 0.115625
3 0.178125 0.55 0.35625 0.35
3 0.49609375 0.68359375 0.325 0.340625
3 0.9296875 0.28515625 0.140625 0.2125