3 0.378125 0.78359375 0.13125 0.075
3 0.384375 0.85 0.13125 0.075
3 0.41875 0.75859375 0.125 0.075
3 0.321875 0.87109375 0.13125 0.084375
3 0.428125 0.84765625 0.10625 0.078125
3 0.23125 0.45234375 0.0875 0.053125
3 0.09375 0.51640625 0.1375 0.084375
3 0.51875 0.025 0.1375 0.05
3 0.359375 0.00234375 0.11875 0.003125
3 0.728125 0.67890625 0.16875 0.1
3 0.859375 0.10234375 0.23125 0.121875
3 0.628125 0.08359375 0.20625 0.165625
3 0.53125 0.77734375 0.1375 0.296875
3 0.565625 0.325 0.29375 0.340625
3 0.2375 0.19609375 0.475 0.390625