3 0.02734375 0.39609375 0.05390625 0.39296875
1 0.69609375 0.0296875 0.06640625 0.059375
3 0.39609375 0.57421875 0.075 0.1109375
3 0.48984375 0.06328125 0.12890625 0.12578125
1 0.70625 0.37421875 0.09609375 0.140625
1 0.8125 0.3890625 0.1 0.140625
3 0.27109375 0.6296875 0.08359375 0.13359375
3 0.85390625 0.80703125 0.19140625 0.3109375
1 0.90859375 0.43671875 0.09140625 0.16328125
3 0.825 0.41875 0.35 0.83671875
3 0.71015625 0.7296875 0.10390625 0.1703125
3 0.1125 0.2484375 0.15 0.49609375
3 0.6 0.16328125 0.14140625 0.221875
3 0.48125 0.72578125 0.1375 0.2515625
3 0.94140625 0.64453125 0.11640625 0.28125
3 0.38515625 0.21875 0.2125 0.43671875
3 0.221875 0.8328125 0.4375 0.334375