3 0.06328125 0.34765625 0.1109375 0.146875
1 0.9703125 0.67890625 0.059375 0.065625
3 0.38125 0.25390625 0.1109375 0.075
1 0.62578125 0.68984375 0.140625 0.0875
3 0.42578125 0.38359375 0.1109375 0.075
3 0.9296875 0.47109375 0.140625 0.134375
1 0.42578125 0.99140625 0.215625 0.0171875
3 0.18515625 0.83515625 0.325 0.196875
1 0.56328125 0.89140625 0.1625 0.0921875
1 0.6109375 0.79609375 0.140625 0.1
3 0.1671875 0.21171875 0.334375 0.4171875
3 0.2703125 0.69609375 0.1703125 0.1
3 0.5703125 0.81640625 0.859375 0.3671875
3 0.36015625 0.9328125 0.2890625 0.134375
3 0.8484375 0.58125 0.2 0.1375
3 0.7484375 0.09375 0.503125 0.1625
3 0.2703125 0.46484375 0.259375 0.1375
3 0.78125 0.36875 0.4375 0.2125