3 0.23359375 0.63671875 0.06640625 0.1484375
3 0.9015625 0.82109375 0.196875 0.3109375
3 0.03984375 0.8484375 0.07890625 0.18515625
3 0.31484375 0.6296875 0.07890625 0.13359375
3 0.5375 0.07421875 0.13359375 0.1484375
3 0.44375 0.57421875 0.07890625 0.1109375
1 0.75 0.378125 0.1 0.16328125
3 0.04375 0.459375 0.0875 0.59296875
1 0.95390625 0.44453125 0.09140625 0.16328125
1 0.85859375 0.39296875 0.1 0.1484375
3 0.76015625 0.73671875 0.10390625 0.18515625
3 0.84140625 0.41875 0.31640625 0.83671875
3 0.25 0.840625 0.48359375 0.31875
3 0.64375 0.159375 0.12890625 0.2
3 0.52734375 0.72578125 0.1375 0.2515625
3 0.9640625 0.64765625 0.071875 0.2890625
3 0.15859375 0.23359375 0.15 0.46640625
3 0.43125 0.21484375 0.2125 0.4296875