3 0.56640625 0.0484375 0.11640625 0.09609375
3 0.06015625 0.63359375 0.07890625 0.1109375
1 0.71640625 0.68515625 0.1 0.18515625
1 0.375 0.45546875 0.09140625 0.15546875
1 0.86484375 0.6703125 0.14609375 0.2296875
1 0.57265625 0.53671875 0.09609375 0.15546875
1 0.47734375 0.48515625 0.1125 0.15546875
3 0.03515625 0.87421875 0.0703125 0.2515625
3 0.6515625 0.440625 0.696875 0.88125
3 0.9015625 0.103125 0.196875 0.20625
3 0.37265625 0.80390625 0.10390625 0.2
3 0.07890625 0.2359375 0.1578125 0.415625
3 0.26640625 0.22578125 0.13359375 0.21484375
3 0.63359375 0.73671875 0.16640625 0.27421875
3 0.13984375 0.78515625 0.14609375 0.2515625