3 0.5 0.63671875 0.075 0.178125
3 0.70625 0.6 0.07890625 0.13359375
3 0.79921875 0.06640625 0.1328125 0.1328125
1 0.9828125 0.403125 0.034375 0.140625
3 0.58125 0.64453125 0.07890625 0.13359375
3 0.99140625 0.77421875 0.01640625 0.2
3 0.090625 0.10703125 0.140625 0.2140625
3 0.375 0.859375 0.74140625 0.28125
3 0.97265625 0.44453125 0.05390625 0.8890625
3 0.91484375 0.17421875 0.12890625 0.2
3 0.79140625 0.7484375 0.14140625 0.2515625
3 0.7 0.21484375 0.21640625 0.4296875
3 0.425 0.2484375 0.15859375 0.49609375
3 0.175 0.59296875 0.35 0.78515625