3 0.8375 0.878125 0.325 0.2296875
1 0.44140625 0.6296875 0.1 0.20703125
1 0.09609375 0.4109375 0.08359375 0.140625
1 0.20390625 0.43671875 0.09140625 0.1484375
1 0.57265625 0.63359375 0.12890625 0.2
1 0.29140625 0.48515625 0.09140625 0.15546875
3 0.9328125 0.66953125 0.134375 0.2296875
3 0.09765625 0.78125 0.09609375 0.21484375
3 0.49375 0.44453125 0.95390625 0.8890625
3 0.9078125 0.159375 0.184375 0.31875
3 0.69140625 0.1 0.325 0.2
3 0.35390625 0.7 0.18359375 0.30390625
3 0.025 0.178125 0.05 0.20703125