1 0.63671875 0.31875 0.178125 0.071875
3 0.58125 0.53515625 0.1109375 0.078125
3 0.81484375 0.95390625 0.28125 0.0921875
1 0.39296875 0.84375 0.1625 0.096875
1 0.40703125 0.94609375 0.134375 0.0921875
3 0.76328125 0.8375 0.20625 0.1
3 0.640625 0.40390625 0.125 0.084375
1 0.459375 0.99765625 0.134375 0.0046875
3 0.43671875 0.8875 0.8734375 0.225
3 0.1703125 0.73359375 0.221875 0.1421875
3 0.57421875 0.0875 0.778125 0.175
3 0.21484375 0.52109375 0.4296875 0.2171875
3 0.25546875 0.24609375 0.5109375 0.165625
3 0.85546875 0.29609375 0.2890625 0.590625
3 0.73671875 0.6125 0.259375 0.140625