3 0.70390625 0.29296875 0.059375 0.08125
3 0.18125 0.28125 0.121875 0.178125
3 0.54375 0.55546875 0.0625 0.103125
3 0.67265625 0.1890625 0.071875 0.125
3 0.95 0.35546875 0.1 0.1625
3 0.72890625 0.57421875 0.084375 0.15625
3 0.85859375 0.2703125 0.125 0.215625
3 0.42890625 0.16640625 0.109375 0.15625
3 0.025 0.30703125 0.05 0.2
3 0.07890625 0.16640625 0.1578125 0.3328125
3 0.52109375 0.3484375 0.084375 0.1484375
3 0.9515625 0.0515625 0.096875 0.103125
3 0.2375 0.521875 0.340625 0.421875
3 0.36484375 0.80703125 0.346875 0.384375
3 0.63125 0.06640625 0.2125 0.1328125