3 0.27734375 0.72578125 0.05390625 0.0890625
3 0.9 0.25546875 0.06640625 0.1703125
3 0.80625 0.04453125 0.05390625 0.07421875
3 0.79140625 0.221875 0.05 0.07421875
3 0.99765625 0.43671875 0.00390625 0.10390625
3 0.325 0.03359375 0.11640625 0.06640625
3 0.46875 0.2890625 0.1125 0.178125
3 0.71875 0.440625 0.32109375 0.378125
3 0.48359375 0.140625 0.275 0.28125
3 0.9828125 0.24765625 0.034375 0.1265625
3 0.9125 0.09296875 0.1 0.15546875
3 0.67109375 0.2296875 0.09140625 0.16328125
3 0.83515625 0.759375 0.32890625 0.48125
3 0.16484375 0.3515625 0.32890625 0.46640625
3 0.34375 0.78515625 0.12890625 0.12578125