3 0.0703125 0.40859375 0.140625 0.084375
3 0.2515625 0.74765625 0.415625 0.4875
3 0.20703125 0.32734375 0.0890625 0.053125
3 0.21875 0.0875 0.125 0.059375
3 0.0296875 0.19609375 0.059375 0.059375
3 0.0484375 0.46875 0.096875 0.078125
3 0.40703125 0.06484375 0.134375 0.078125
3 0.440625 0.94375 0.31875 0.1125
3 0.04453125 0.13359375 0.0890625 0.075
3 0.01484375 0.01640625 0.0296875 0.0328125
3 0.3109375 0.51640625 0.221875 0.109375
3 0.20390625 0.16640625 0.1703125 0.090625
3 0.14453125 0.00625 0.259375 0.0125
3 0.43359375 0.30625 0.303125 0.153125
3 0.50390625 0.63984375 0.296875 0.203125