3 0.65390625 0.459375 0.08359375 0.11875
3 0.79609375 0.70703125 0.075 0.1109375
3 0.6875 0.2 0.11640625 0.16328125
3 0.12890625 0.2515625 0.06640625 0.10390625
3 0.41875 0.05546875 0.09609375 0.1109375
3 0.7375 0.3703125 0.13359375 0.16328125
3 0.69140625 0.06328125 0.5 0.12578125
3 0.46015625 0.21875 0.10390625 0.15546875
3 0.04765625 0.54765625 0.0953125 0.2359375
3 0.36640625 0.159375 0.11640625 0.2
3 0.20390625 0.1 0.06640625 0.12578125
3 0.48984375 0.46640625 0.15390625 0.221875
3 0.9390625 0.6328125 0.121875 0.55625
3 0.25625 0.43671875 0.07109375 0.11875
3 0.0625 0.2515625 0.08359375 0.1484375
3 0.01484375 0.1 0.02890625 0.15546875
3 0.03984375 0.759375 0.07890625 0.48125
3 0.15859375 0.02578125 0.19140625 0.0515625