3 0.85546875 0.63515625 0.259375 0.1625
1 0.51875 0.58984375 0.134375 0.078125
1 0.6515625 0.30390625 0.178125 0.140625
1 0.6515625 0.45 0.1484375 0.075
1 0.459375 0.69140625 0.11875 0.090625
3 0.14453125 0.03515625 0.2296875 0.0625
1 0.4296875 0.78984375 0.1625 0.103125
3 0.7890625 0.79609375 0.2 0.109375
3 0.71484375 0.52734375 0.303125 0.178125
3 0.440625 0.4296875 0.88125 0.859375
3 0.1296875 0.18359375 0.259375 0.35
3 0.2109375 0.90234375 0.24375 0.1375
3 0.76953125 0.97734375 0.2515625 0.0453125