3 0.27734375 0.72578125 0.053125 0.0890625
3 0.9 0.25546875 0.065625 0.1703125
3 0.80625 0.04453125 0.053125 0.075
3 0.79140625 0.221875 0.05 0.075
3 0.99765625 0.43671875 0.003125 0.103125
3 0.325 0.03359375 0.115625 0.065625
3 0.46875 0.2890625 0.1125 0.178125
3 0.71875 0.440625 0.321875 0.378125
3 0.48359375 0.140625 0.275 0.28125
3 0.9828125 0.24765625 0.034375 0.1265625
3 0.9125 0.09296875 0.1 0.15625
3 0.67109375 0.2296875 0.090625 0.1625
3 0.83515625 0.759375 0.328125 0.48125
3 0.16484375 0.3515625 0.328125 0.465625
3 0.34375 0.78515625 0.128125 0.125