3 0.79375 0.32578125 0.05390625 0.07421875
3 0.96640625 0.16328125 0.05859375 0.16328125
3 0.39765625 0.31484375 0.0625 0.08125
3 0.36640625 0.01484375 0.1 0.0296875
3 0.7625 0.21484375 0.075 0.13359375
3 0.96640625 0.7515625 0.06640625 0.09609375
3 0.67890625 0.3703125 0.05859375 0.10390625
3 0.27265625 0.29609375 0.09609375 0.1484375
3 0.81875 0.60703125 0.07890625 0.13359375
3 0.60859375 0.3703125 0.08359375 0.1484375
3 0.11640625 0.18515625 0.2328125 0.3703125
3 0.06640625 0.321875 0.10859375 0.18515625
3 0.94375 0.32578125 0.10390625 0.221875
3 0.51484375 0.19296875 0.12109375 0.16328125
3 0.31875 0.52578125 0.3375 0.3703125
3 0.45 0.821875 0.35859375 0.35546875
3 0.71484375 0.0703125 0.2125 0.140625