1 0.4 0.62578125 0.10859375 0.18515625
1 0.05625 0.421875 0.10390625 0.16328125
1 0.53984375 0.61875 0.14609375 0.2
1 0.15859375 0.4296875 0.1 0.1484375
3 0.81875 0.88515625 0.3625 0.21484375
1 0.25 0.4890625 0.09140625 0.1484375
3 0.05 0.76640625 0.1 0.18515625
3 0.4375 0.440625 0.875 0.88125
3 0.91015625 0.68515625 0.17109375 0.24453125
3 0.89140625 0.13359375 0.21640625 0.26640625
3 0.00390625 0.18828125 0.0078125 0.2140625
3 0.6578125 0.09609375 0.334375 0.1921875
3 0.31875 0.69296875 0.1875 0.31875