3 0.5515625 0.45859375 0.1109375 0.059375
3 0.678125 0.86875 0.140625 0.0796875
3 0.28125 0.82109375 0.178125 0.109375
3 0.1890625 0.33359375 0.140625 0.075
3 0.3484375 0.42109375 0.0890625 0.059375
3 0.359375 0.05234375 0.15625 0.103125
3 0.16640625 0.57265625 0.15625 0.1125
3 0.69296875 0.0875 0.184375 0.165625
3 0.278125 0.15 0.215625 0.125
3 0.578125 0.27734375 0.134375 0.078125
3 0.34453125 0.48984375 0.140625 0.078125
3 0.30703125 0.975 0.2 0.05
3 0.15546875 0.92734375 0.3109375 0.1453125
3 0.059375 0.05234375 0.11875 0.103125
3 0.4703125 0.76640625 0.31875 0.340625
3 0.80703125 0.6375 0.384375 0.359375
3 0.06328125 0.37890625 0.125 0.2