3 0.16640625 0.72578125 0.084375 0.11875
3 0.27734375 0.0703125 0.528125 0.140625
3 0.27109375 0.19609375 0.125 0.1703125
3 0.50234375 0.21875 0.103125 0.15625
3 0.76015625 0.1 0.071875 0.125
3 0.54609375 0.05546875 0.1 0.1109375
3 0.59375 0.17421875 0.1125 0.184375
3 0.04375 0.6109375 0.0875 0.525
3 0.70625 0.4515625 0.078125 0.134375
3 0.47890625 0.49296875 0.175 0.215625
3 0.89765625 0.25546875 0.096875 0.140625
3 0.96640625 0.10703125 0.065625 0.15625
3 0.80859375 0.03359375 0.2 0.065625
3 0.94375 0.76640625 0.1125 0.465625