3 0.0515625 0.2140625 0.103125 0.0625
3 0.278125 0.41484375 0.15625 0.071875
3 0.1515625 0.60390625 0.140625 0.084375
3 0.48125 0.97265625 0.19375 0.0546875
3 0.02578125 0.75859375 0.0515625 0.475
3 0.03671875 0.234375 0.0734375 0.053125
3 0.0515625 0.4078125 0.103125 0.084375
3 0.26640625 0.05859375 0.2515625 0.115625
3 0.33359375 0.56015625 0.20625 0.1125
3 0.08515625 0.1375 0.1703125 0.065625
3 0.06328125 0.47109375 0.125 0.084375
3 0.19296875 0.95390625 0.134375 0.0671875
3 0.059375 0.19609375 0.11875 0.05
3 0.00703125 0.00625 0.0140625 0.0125
3 0.0734375 0.01640625 0.11875 0.0328125
3 0.24453125 0.21640625 0.178125 0.109375
2 0.6515625 0.5 0.696875 1