1 0.321875 0.2875 0.15625 0.090625
1 0.321875 0.15 0.184375 0.134375
1 0.540625 0.63984375 0.11875 0.078125
3 0.36640625 0.95625 0.1109375 0.0796875
1 0.521875 0.53359375 0.140625 0.1
1 0.46640625 0.4375 0.1484375 0.084375
3 0.12578125 0.98359375 0.2515625 0.0328125
3 0.55546875 0.35859375 0.8890625 0.715625
3 0.1890625 0.63984375 0.184375 0.103125
3 0.88125 0.1 0.2375 0.2
3 0.79296875 0.74765625 0.19375 0.121875
3 0.21484375 0.87265625 0.2515625 0.146875
3 0.75625 0.92734375 0.44375 0.1453125
3 0.26328125 0.38125 0.275 0.171875