3 0.63984375 0.2109375 0.053125 0.065625
3 0.78359375 0.459375 0.059375 0.103125
3 0.66484375 0.12578125 0.071875 0.134375
3 0.17265625 0.23359375 0.1125 0.15625
3 0.2046875 0.07734375 0.409375 0.1546875
3 0.89765625 0.121875 0.1125 0.1703125
3 0.74609375 0.27421875 0.05 0.075
3 0.45 0.06640625 0.1 0.1328125
3 0.6125 0.4703125 0.084375 0.125
3 0.39140625 0.51484375 0.2 0.215625
3 0.40390625 0.2484375 0.109375 0.15625
3 0.49609375 0.20703125 0.115625 0.19375
3 0.80859375 0.2703125 0.084375 0.15625
3 0.96484375 0.43671875 0.0703125 0.3109375
3 0.7125 0.03359375 0.190625 0.065625
3 0.89609375 0.765625 0.2078125 0.465625