3 0.38359375 0.63671875 0.06640625 0.178125
3 0.02265625 0.12890625 0.0453125 0.1546875
3 0.59140625 0.58125 0.075 0.1109375
1 0.90234375 0.4 0.0875 0.16328125
3 0.46640625 0.640625 0.08359375 0.12578125
3 0.90390625 0.76328125 0.1 0.20703125
1 0.98125 0.41875 0.0375 0.140625
3 0.91875 0.4296875 0.1625 0.859375
3 0.79765625 0.16640625 0.1375 0.2
3 0.5828125 0.20703125 0.215625 0.4140625
3 0.32109375 0.859375 0.64140625 0.28125
3 0.30859375 0.25546875 0.16640625 0.5109375
3 0.11640625 0.5921875 0.2328125 0.784375
3 0.67265625 0.740625 0.14609375 0.2515625