3 0.36640625 0.51640625 0.1703125 0.065625
3 0.40390625 0.73359375 0.125 0.084375
1 0.5890625 0.99765625 0.140625 0.0046875
3 0.3515625 0.60390625 0.125 0.084375
3 0.23671875 0.99375 0.19375 0.0125
3 0.89609375 0.11484375 0.20625 0.1375
3 0.55546875 0.98515625 0.8890625 0.0296875
3 0.1375 0.384375 0.275 0.746875
3 0.8109375 0.93125 0.2296875 0.1375
3 0.740625 0.44375 0.51875 0.1625
3 0.7890625 0.72265625 0.421875 0.2125
3 0.2484375 0.81015625 0.259375 0.146875
3 0.40078125 0.18515625 0.7859375 0.3703125