3 0.4890625 0.9875 0.178125 0.025
3 0.82578125 0.84140625 0.065625 0.040625
3 0.83046875 0.0234375 0.1484375 0.046875
3 0.81875 0.3875 0.140625 0.109375
3 0.51875 0.86484375 0.11875 0.071875
3 0.32578125 0.27890625 0.103125 0.065625
3 0.66328125 0.77734375 0.334375 0.253125
3 0.91484375 0.8625 0.125 0.065625
3 0.8 0.60859375 0.1484375 0.1
3 0.5671875 0.97734375 0.096875 0.0453125
3 0.9484375 0.6546875 0.103125 0.109375
3 0.578125 0.8125 0.11875 0.065625
3 0.759375 0.93984375 0.08125 0.053125
3 0.15546875 0.39140625 0.0890625 0.075
3 0.8484375 0.70390625 0.1703125 0.109375
3 0.50703125 0.61484375 0.125 0.203125
3 0.940625 0.31484375 0.11875 0.596875
3 0.7515625 0.98515625 0.140625 0.0296875
3 0.415625 0.0984375 0.51875 0.196875
3 0.240625 0.99609375 0.48125 0.0078125
3 0.98515625 0.90625 0.0296875 0.1875