3 0.078125 0.86015625 0.15625 0.1125
3 0.725 0.22265625 0.25 0.121875
3 0.359375 0.475 0.13125 0.075
3 0.934375 0.0375 0.11875 0.075
3 0.778125 0.83515625 0.33125 0.321875
3 0.690625 0.38984375 0.19375 0.2375
3 0.290625 0.52734375 0.10625 0.078125
3 0.784375 0.07890625 0.13125 0.090625
3 0.925 0.22265625 0.1375 0.403125
3 0.309375 0.92890625 0.23125 0.134375
3 0.465625 0.32109375 0.15625 0.090625
3 0.809375 0.57109375 0.11875 0.059375
3 0.49375 0.85625 0.25 0.2625
3 0.471875 0.55859375 0.23125 0.409375
3 0.615625 0.0796875 0.60625 0.159375