3 0.57421875 0.36640625 0.140625 0.184375
3 0.0890625 0.17890625 0.178125 0.334375
3 0.58515625 0.77265625 0.1484375 0.096875
3 0.08125 0.4 0.1625 0.1
3 0.12578125 0.6125 0.11875 0.0671875
3 0.259375 0.11640625 0.178125 0.134375
3 0.22578125 0.5875 0.08125 0.05
3 0.26328125 0.34375 0.15625 0.1125
3 0.54453125 0.32109375 0.215625 0.165625
3 0.27421875 0.69140625 0.075 0.059375
3 0.121875 0.84375 0.15625 0.1125
3 0.4890625 0.56015625 0.1484375 0.0875
3 0.28125 0.76015625 0.134375 0.0875
3 0.20703125 0.44375 0.19375 0.1125
3 0.478125 0.9375 0.39375 0.125
3 0.040625 0.66015625 0.08125 0.2046875
3 0.01484375 0.3 0.0296875 0.225
3 0.7703125 0.87109375 0.459375 0.2578125