3 0.51640625 0.63359375 0.06640625 0.1703125
3 0.73359375 0.59609375 0.08359375 0.12578125
1 0.99765625 0.4109375 0.00390625 0.140625
3 0.60390625 0.6484375 0.08359375 0.12578125
3 0.99375 0.76328125 0.0125 0.19296875
3 0.11484375 0.10390625 0.1375 0.20703125
3 0.98515625 0.44453125 0.02890625 0.8890625
3 0.384375 0.8625 0.746875 0.275
3 0.93125 0.1890625 0.1375 0.2296875
3 0.44375 0.259375 0.1625 0.51875
3 0.72265625 0.2109375 0.2125 0.421875
3 0.81015625 0.7515625 0.14609375 0.259375
3 0.18515625 0.59921875 0.3703125 0.7859375