1 0.634375 0.021875 0.0625 0.04375
1 0.13125 0.6296875 0.07109375 0.16328125
3 0.79609375 0.8 0.19140625 0.3109375
3 0.2125 0.62578125 0.08359375 0.12578125
3 0.3375 0.57421875 0.075 0.1109375
1 0.65 0.37421875 0.09140625 0.15546875
1 0.96875 0.56640625 0.0625 0.2
3 0.42890625 0.0703125 0.13359375 0.140625
1 0.75390625 0.38515625 0.09140625 0.13359375
1 0.84609375 0.43359375 0.09140625 0.15546875
3 0.18359375 0.83671875 0.36640625 0.32578125
3 0.65234375 0.72578125 0.09609375 0.16328125
3 0.7953125 0.41796875 0.409375 0.8359375
3 0.06640625 0.259375 0.1328125 0.51875
3 0.53515625 0.1484375 0.1375 0.20703125
3 0.42265625 0.721875 0.1375 0.24453125
3 0.9125 0.63671875 0.175 0.29609375
3 0.325 0.21484375 0.20859375 0.4296875