3 0.06328125 0.33515625 0.1109375 0.153125
1 0.9703125 0.6625 0.059375 0.065625
3 0.37421875 0.2375 0.125 0.075
3 0.42578125 0.3625 0.1109375 0.075
1 0.6296875 0.67265625 0.1484375 0.096875
1 0.6109375 0.77890625 0.140625 0.1
1 0.4265625 0.9828125 0.215625 0.034375
3 0.19609375 0.82109375 0.31875 0.1921875
3 0.1703125 0.20234375 0.325 0.396875
3 0.9296875 0.45859375 0.140625 0.134375
1 0.56640625 0.875 0.15625 0.0921875
3 0.57421875 0.80390625 0.8515625 0.3921875
3 0.27421875 0.67890625 0.178125 0.1
3 0.8484375 0.56484375 0.215625 0.1375
3 0.27421875 0.45 0.2515625 0.140625
3 0.75546875 0.08125 0.4890625 0.153125
3 0.36015625 0.9265625 0.2890625 0.146875
3 0.78125 0.35234375 0.4375 0.2125