1 0.24765625 0.62578125 0.0625 0.15546875
3 0.54375 0.02578125 0.12890625 0.0515625
3 0.45625 0.578125 0.07890625 0.11875
3 0.05 0.559375 0.1 0.821875
1 0.76484375 0.37421875 0.0875 0.140625
1 0.87109375 0.4 0.09140625 0.13359375
3 0.32890625 0.62578125 0.08359375 0.12578125
3 0.91015625 0.80390625 0.17890625 0.2890625
1 0.9625 0.4515625 0.075 0.13359375
3 0.76875 0.74453125 0.10390625 0.2
3 0.8453125 0.421875 0.309375 0.84375
3 0.9703125 0.64765625 0.059375 0.3046875
3 0.66015625 0.1484375 0.12890625 0.19296875
3 0.26015625 0.84453125 0.5203125 0.3109375
3 0.44609375 0.2 0.21640625 0.4
3 0.17109375 0.23359375 0.15 0.46640625
3 0.53984375 0.72578125 0.14609375 0.2515625