3 0.13984375 0.034375 0.12890625 0.06875
3 0.72265625 0.88125 0.29609375 0.1875
3 0.6875 0.68125 0.11640625 0.225
3 0.67734375 0.371875 0.0875 0.18125
3 0.42734375 0.728125 0.05390625 0.10625
3 0.78125 0.64375 0.12109375 0.275
3 0.15390625 0.7375 0.3 0.425
3 0.6125 0.615625 0.24140625 0.19375
3 0.0625 0.234375 0.11640625 0.23125
3 0.46484375 0.225 0.07890625 0.1125
3 0.525 0.275 0.075 0.15
3 0.92109375 0.70625 0.09140625 0.125
3 0.14375 0.409375 0.27109375 0.25625
3 0.45234375 0.3875 0.4375 0.2375
3 0.9203125 0.528125 0.159375 0.61875