3 0.67890625 0.36640625 0.05859375 0.12578125
3 0.9640625 0.15859375 0.071875 0.1703125
3 0.76015625 0.21484375 0.07109375 0.13359375
3 0.96640625 0.7515625 0.06640625 0.09609375
3 0.81875 0.60703125 0.07890625 0.13359375
3 0.36640625 0.01484375 0.09140625 0.0296875
3 0.06875 0.31875 0.10390625 0.178125
3 0.27265625 0.29609375 0.0875 0.1484375
3 0.94140625 0.31875 0.11640625 0.221875
3 0.11640625 0.20703125 0.2328125 0.4140625
3 0.60859375 0.3703125 0.09140625 0.1484375
3 0.5125 0.1890625 0.11640625 0.15546875
3 0.45 0.821875 0.35 0.35546875
3 0.31640625 0.50390625 0.34140625 0.32578125
3 0.71484375 0.0703125 0.2125 0.140625