3 0.48359375 0.24453125 0.05 0.07421875
3 0.94609375 0.540625 0.1 0.178125
3 0.95390625 0.278125 0.09140625 0.1703125
3 0.45625 0.13671875 0.0625 0.1109375
3 0.725 0.2890625 0.10859375 0.16328125
3 0.51015625 0.49609375 0.07890625 0.13359375
3 0.3125 0.29609375 0.08359375 0.1484375
3 0.625 0.21484375 0.11640625 0.20703125
3 0.725 0.57421875 0.23359375 0.21484375
3 0.22265625 0.13671875 0.10390625 0.15546875
3 0.01640625 0.25078125 0.0328125 0.1640625
3 0.09765625 0.4484375 0.1953125 0.31875
3 0.77421875 0.021875 0.2421875 0.04375
3 0.4125 0.04453125 0.2 0.0890625
3 0.16484375 0.78125 0.32890625 0.43671875