3 0.4375 0.3109375 0.05859375 0.10390625
3 0.74140625 0.10390625 0.10859375 0.16328125
3 0.52109375 0.15546875 0.06640625 0.11875
3 0.69375 0.24453125 0.1125 0.19296875
3 0.54375 0.259375 0.04609375 0.07421875
3 0.79140625 0.3 0.10859375 0.15546875
3 0.01640625 0.665625 0.0328125 0.134375
3 0.7875 0.6109375 0.24140625 0.2
3 0.57265625 0.5296875 0.07890625 0.12578125
3 0.28125 0.14453125 0.1125 0.15546875
3 0.37109375 0.30703125 0.08359375 0.140625
3 0.12734375 0.46328125 0.25390625 0.33359375
3 0.04140625 0.25859375 0.0828125 0.1484375
3 0.840625 0.021875 0.240625 0.04375
3 0.21640625 0.79609375 0.35859375 0.40703125
3 0.4703125 0.0515625 0.215625 0.103125