3 0.640625 0.93984375 0.1109375 0.078125
1 0.69296875 0.27734375 0.15625 0.0875
1 0.7 0.13984375 0.1703125 0.121875
1 0.46640625 0.62890625 0.1484375 0.090625
1 0.54453125 0.425 0.15625 0.1
1 0.4890625 0.52265625 0.1484375 0.096875
3 0.87421875 0.96875 0.2375 0.0625
3 0.44765625 0.3484375 0.8671875 0.696875
3 0.81484375 0.63125 0.19375 0.103125
3 0.24375 0.92109375 0.415625 0.1578125
3 0.11484375 0.10234375 0.2296875 0.203125
3 0.2296875 0.73515625 0.20625 0.1375
3 0.74453125 0.36484375 0.275 0.171875
3 0.8 0.86484375 0.2515625 0.146875