3 0.00625 0.6484375 0.0125 0.140625
3 0.62109375 0.60390625 0.10859375 0.18515625
3 0.56640625 0.8890625 0.08359375 0.13359375
3 0.53515625 0.56328125 0.1125 0.178125
3 0.0640625 0.84765625 0.128125 0.3046875
3 0.11484375 0.921875 0.22890625 0.15546875
3 0.82890625 0.29296875 0.34140625 0.4515625
3 0.18984375 0.39609375 0.10390625 0.1703125
3 0.925 0.9703125 0.15 0.059375
3 0.63359375 0.3109375 0.125 0.20703125
3 0.27265625 0.8 0.17890625 0.32578125
3 0.378125 0.16640625 0.2 0.3328125
3 0.775 0.121875 0.25859375 0.2296875