3 0.29375 0.921875 0.103125 0.13125
3 0.68359375 0.490625 0.109375 0.23125
3 0.48359375 0.065625 0.1 0.13125
3 0.9640625 0.784375 0.071875 0.23125
3 0.51640625 0.09375 0.084375 0.15
3 0.60859375 0.44375 0.240625 0.175
3 0.72265625 0.2875 0.0375 0.075
3 0.92109375 0.534375 0.1 0.13125
3 0.47109375 0.69375 0.1 0.1125
3 0.05859375 0.1 0.109375 0.2
3 0.77734375 0.484375 0.121875 0.26875
3 0.69375 0.71875 0.2375 0.1875
3 0.675 0.221875 0.090625 0.16875
3 0.43125 0.5625 0.0625 0.1125
3 0.84375 0.89375 0.078125 0.1875
3 0.14375 0.25625 0.2625 0.2625
3 0.44609375 0.225 0.434375 0.2375
3 0.56015625 0.884375 0.4625 0.23125
3 0.15390625 0.678125 0.3 0.64375
3 0.91875 0.35625 0.1625 0.6125