3 0.36484375 0.85546875 0.1625 0.259375
1 0.41015625 0.51875 0.07890625 0.13359375
1 0.69609375 0.6515625 0.14140625 0.178125
1 0.55 0.6515625 0.075 0.1484375
1 0.30859375 0.459375 0.09140625 0.11875
3 0.96484375 0.14453125 0.0625 0.2296875
1 0.21015625 0.4296875 0.10390625 0.16328125
3 0.20390625 0.7890625 0.10859375 0.2
3 0.47265625 0.71484375 0.17890625 0.30390625
3 0.5703125 0.440625 0.859375 0.88125
3 0.81640625 0.1296875 0.35 0.259375
3 0.09765625 0.2109375 0.1375 0.24453125
3 0.02265625 0.76953125 0.0453125 0.2515625