1 0.63125 0.46640625 0.096875 0.1484375
3 0.94140625 0.63359375 0.075 0.125
1 0.28359375 0.6703125 0.1 0.2
1 0.1375 0.67421875 0.140625 0.221875
1 0.52734375 0.48125 0.1125 0.1625
1 0.42265625 0.540625 0.096875 0.1625
3 0.96640625 0.87421875 0.065625 0.2515625
3 0.35 0.440625 0.7 0.88125
3 0.62734375 0.8109375 0.103125 0.184375
3 0.73515625 0.221875 0.128125 0.20625
3 0.92265625 0.23671875 0.153125 0.415625
3 0.1 0.10390625 0.2 0.20625
3 0.36875 0.740625 0.171875 0.28125
3 0.8625 0.7890625 0.140625 0.259375