3 0.06015625 0.63671875 0.07890625 0.11875
1 0.37265625 0.46640625 0.09609375 0.1484375
1 0.86484375 0.66640625 0.1375 0.2515625
1 0.72109375 0.68125 0.1 0.178125
1 0.47734375 0.4890625 0.10390625 0.1484375
1 0.57734375 0.54453125 0.09609375 0.15546875
3 0.65390625 0.44453125 0.69140625 0.87421875
3 0.0375 0.86640625 0.075 0.26640625
3 0.37109375 0.80703125 0.10859375 0.19296875
3 0.89765625 0.1 0.20390625 0.2
3 0.07890625 0.2359375 0.1578125 0.415625
3 0.26640625 0.22578125 0.13359375 0.21484375
3 0.63125 0.73671875 0.17109375 0.27421875
3 0.13984375 0.79296875 0.14609375 0.2515625