3 0.88125 0.4484375 0.07109375 0.12578125
3 0.41015625 0.25546875 0.07109375 0.15546875
3 0.4078125 0.03671875 0.084375 0.0734375
3 0.5625 0.321875 0.10859375 0.2
3 0.95390625 0.18125 0.06640625 0.140625
3 0.05859375 0.24453125 0.11640625 0.2515625
3 0.46875 0.0484375 0.07890625 0.09609375
3 0.13359375 0.078125 0.06640625 0.15546875
3 0.19609375 0.0484375 0.05 0.09609375
3 0.7625 0.01484375 0.46640625 0.0296875
3 0.00859375 0.0109375 0.01640625 0.021875
3 0.01640625 0.05546875 0.0328125 0.1109375
3 0.21875 0.22578125 0.1125 0.18515625
2 0.5 0.6515625 1 0.69609375