3 0.33984375 0.43359375 0.07890625 0.1109375
3 0.20234375 0.94453125 0.0625 0.1109375
3 0.075 0.7515625 0.04140625 0.09609375
3 0.3828125 0.91796875 0.075 0.1640625
3 0.21875 0.92578125 0.04609375 0.10390625
3 0.45234375 0.93671875 0.07890625 0.12578125
3 0.30625 0.77421875 0.05390625 0.09609375
3 0.11875 0.940625 0.05390625 0.11875
3 0.07109375 0.45546875 0.08359375 0.140625
3 0.1828125 0.9625 0.040625 0.075
3 0.92734375 0.55546875 0.1375 0.3109375
3 0.14609375 0.778125 0.08359375 0.1484375
3 0.04609375 0.58515625 0.06640625 0.11875
3 0.75234375 0.778125 0.4875 0.3703125
3 0.00859375 0.9703125 0.01640625 0.059375
3 0.49375 0.659375 0.10390625 0.20703125
3 0.29375 0.55546875 0.15390625 0.28125
3 0.60859375 0.4890625 0.19140625 0.28125