3 0.06015625 0.640625 0.07890625 0.1109375
1 0.72265625 0.69296875 0.0875 0.15546875
1 0.86015625 0.7 0.12109375 0.1703125
1 0.37109375 0.46640625 0.09140625 0.1484375
1 0.575 0.54453125 0.1 0.15546875
1 0.47734375 0.4890625 0.09609375 0.1484375
3 0.03125 0.87421875 0.0625 0.23671875
3 0.6515625 0.44765625 0.696875 0.8671875
3 0.36875 0.81484375 0.10390625 0.19296875
3 0.07890625 0.24375 0.1578125 0.415625
3 0.89765625 0.11484375 0.20390625 0.2296875
3 0.26484375 0.2296875 0.1375 0.20703125
3 0.63515625 0.74453125 0.17109375 0.27421875
3 0.13515625 0.8 0.14609375 0.2515625