3 0.06015625 0.63359375 0.07890625 0.1109375
1 0.375 0.4515625 0.09140625 0.16328125
1 0.8625 0.66328125 0.14140625 0.21484375
1 0.71875 0.678125 0.10390625 0.18515625
1 0.57734375 0.540625 0.0875 0.1484375
1 0.47734375 0.48125 0.10390625 0.1484375
3 0.03359375 0.8703125 0.06640625 0.24453125
3 0.65390625 0.440625 0.69140625 0.88125
3 0.37109375 0.80703125 0.10859375 0.20703125
3 0.07890625 0.2328125 0.1578125 0.40625
3 0.26640625 0.22578125 0.13359375 0.21484375
3 0.9015625 0.09609375 0.196875 0.1921875
3 0.63125 0.73359375 0.17109375 0.28125
3 0.13984375 0.7890625 0.1375 0.259375