3 0.65 0.146875 0.240625 0.18125
3 0.97265625 0.39375 0.053125 0.1375
3 0.50859375 0.390625 0.090625 0.09375
3 0.26875 0.8375 0.0625 0.1
3 0.725 0.228125 0.115625 0.21875
3 0.9765625 0.496875 0.046875 0.23125
3 0.95625 0.23125 0.0875 0.125
3 0.16875 0.034375 0.2875 0.06875
3 0.47265625 0.259375 0.0625 0.10625
3 0.73515625 0.425 0.246875 0.2125
3 0.82109375 0.18125 0.115625 0.3
3 0.875 0.59375 0.084375 0.175
3 0.33359375 0.675 0.109375 0.2
3 0.5875 0.6 0.425 0.2375
3 0.4875 0.021875 0.440625 0.04375
3 0.93515625 0.184375 0.128125 0.36875
3 0.17109375 0.4375 0.334375 0.7125