3 0.8875 0.9109375 0.19140625 0.1484375
3 0.38125 0.03359375 0.1125 0.06640625
1 0.67890625 0.6515625 0.13359375 0.16328125
1 0.5375 0.6515625 0.09140625 0.178125
3 0.18515625 0.7890625 0.09609375 0.18515625
1 0.375 0.50703125 0.09140625 0.15546875
1 0.2875 0.45546875 0.09140625 0.1109375
3 0.9640625 0.13984375 0.071875 0.2515625
1 0.1875 0.42578125 0.1 0.15546875
3 0.55 0.44453125 0.85 0.8890625
3 0.79140625 0.1109375 0.35 0.221875
3 0.075 0.1890625 0.125 0.2
3 0.44765625 0.71484375 0.17890625 0.30390625
3 0.0125 0.76640625 0.025 0.24453125