3 0.36875 0.63671875 0.07109375 0.178125
3 0.57734375 0.58515625 0.07890625 0.10390625
3 0.66875 0.0703125 0.1375 0.140625
1 0.8875 0.3890625 0.1 0.18515625
3 0.44765625 0.63671875 0.07890625 0.11875
1 0.97265625 0.41875 0.05390625 0.140625
3 0.91015625 0.42578125 0.17890625 0.8515625
3 0.89765625 0.759375 0.09609375 0.2
3 0.31484375 0.86640625 0.62890625 0.26640625
3 0.77890625 0.1703125 0.125 0.20703125
3 0.10859375 0.56640625 0.21640625 0.71875
3 0.65859375 0.73671875 0.14140625 0.259375
3 0.56484375 0.21875 0.22109375 0.43671875
3 0.29375 0.25546875 0.1625 0.5109375