3 0.5921875 0.94765625 0.084375 0.1046875
3 0.67890625 0.83671875 0.059375 0.103125
3 0.53125 0.9703125 0.078125 0.059375
3 0.86640625 0.9703125 0.065625 0.059375
3 0.80390625 0.9890625 0.05 0.021875
3 0.93515625 0.6296875 0.071875 0.134375
3 0.83359375 0.8296875 0.090625 0.1625
3 0.2375 0.821875 0.465625 0.35625
3 0.99140625 0.88125 0.015625 0.2375
3 0.06484375 0.6 0.128125 0.296875
3 0.98359375 0.9953125 0.0328125 0.00625
3 0.47890625 0.721875 0.115625 0.215625
3 0.68984375 0.59609375 0.1625 0.31875
3 0.36875 0.5484375 0.196875 0.28125