3 0.940625 0.8 0.11875 0.059375
3 0.99609375 0.41484375 0.00625 0.078125
3 0.91875 0.77890625 0.11875 0.05
3 0.90703125 0.6125 0.1703125 0.075
3 0.92578125 0.55 0.1484375 0.075
3 0.740625 0.92265625 0.0890625 0.046875
3 0.95546875 0.8125 0.0890625 0.0421875
3 0.93671875 0.87734375 0.125 0.053125
3 0.76328125 0.69375 0.0890625 0.053125
3 0.4515625 0.92734375 0.1484375 0.0875
3 0.54453125 0.07265625 0.303125 0.1375
3 0.77421875 0.85 0.140625 0.084375
3 0.57421875 0.95390625 0.125 0.0671875
3 0.6484375 0.50625 0.2 0.103125
3 0.965625 0.98984375 0.065625 0.0203125
3 0.7515625 0.25234375 0.3484375 0.4875
3 0.5484375 0.70859375 0.28125 0.15
3 0.48125 0.39375 0.28125 0.1875