3 0.3 0.17734375 0.125 0.0875
3 0.6078125 0.9765625 0.134375 0.046875
3 0.7 0.35625 0.08125 0.053125
3 0.70703125 0.22734375 0.15625 0.103125
3 0.8 0.72265625 0.134375 0.0796875
3 0.9109375 0.975 0.178125 0.05
3 0.28515625 0.94609375 0.140625 0.1
3 0.721875 0.92265625 0.31875 0.146875
3 0.81875 0.47734375 0.15625 0.1125
3 0.39609375 0.77734375 0.15625 0.0875
3 0.63671875 0.56875 0.1484375 0.078125
3 0.68125 0.04140625 0.178125 0.0828125
3 0.18203125 0.415625 0.3640625 0.359375
3 0.7890625 0.09765625 0.421875 0.1953125
3 0.5109375 0.28359375 0.3109375 0.340625
3 0.93359375 0.67421875 0.1328125 0.2171875