3 0.72734375 0.484375 0.12109375 0.23125
3 0.97890625 0.6875 0.04140625 0.15
3 0.98515625 0.790625 0.02890625 0.20625
3 0.65234375 0.44375 0.24609375 0.1625
3 0.50859375 0.684375 0.09140625 0.11875
3 0.71875 0.2 0.09609375 0.175
3 0.57265625 0.090625 0.07109375 0.14375
3 0.9578125 0.53125 0.084375 0.125
3 0.475 0.546875 0.05859375 0.10625
3 0.825 0.48125 0.125 0.3
3 0.16484375 0.21875 0.2875 0.2625
3 0.73984375 0.70625 0.2375 0.1875
3 0.5125 0.05 0.08359375 0.1
3 0.88359375 0.890625 0.075 0.16875
3 0.49140625 0.2125 0.40859375 0.25
3 0.07734375 0.096875 0.14609375 0.19375
3 0.60234375 0.884375 0.47109375 0.23125
3 0.94140625 0.35 0.11640625 0.625
3 0.175 0.665625 0.34140625 0.66875