1 0.5296875 0.62890625 0.15625 0.1
3 0.36328125 0.93984375 0.11875 0.078125
1 0.31484375 0.27890625 0.184375 0.1
1 0.33359375 0.13515625 0.2515625 0.146875
1 0.51484375 0.52265625 0.15625 0.103125
1 0.45546875 0.42265625 0.15625 0.096875
3 0.1296875 0.96640625 0.259375 0.0671875
3 0.55546875 0.34609375 0.8890625 0.690625
3 0.18515625 0.62890625 0.19375 0.109375
3 0.9 0.10234375 0.2 0.203125
3 0.7640625 0.92109375 0.415625 0.1578125
3 0.77421875 0.73515625 0.215625 0.1375
3 0.259375 0.36875 0.28125 0.171875
3 0.20703125 0.86484375 0.2515625 0.146875