3 0.86875 0.67421875 0.25390625 0.26640625
3 0.9578125 0.4953125 0.084375 0.1625
1 0.44140625 0.59296875 0.11640625 0.178125
1 0.00234375 0.4 0.00390625 0.13359375
1 0.30390625 0.6109375 0.1 0.18515625
3 0.765625 0.87734375 0.465625 0.2453125
1 0.15859375 0.4703125 0.08359375 0.140625
1 0.0625 0.421875 0.1 0.1484375
3 0.41640625 0.44453125 0.8328125 0.8890625
3 0.00625 0.76640625 0.0125 0.21484375
3 0.82265625 0.140625 0.27109375 0.28125
3 0.56015625 0.09296875 0.32890625 0.18515625
3 0.225 0.68125 0.18359375 0.29609375