3 0.396875 0.9328125 0.078125 0.134375
3 0.08125 0.4703125 0.0875 0.140625
3 0.22421875 0.94765625 0.0578125 0.1046875
3 0.31484375 0.80390625 0.05390625 0.09609375
3 0.45859375 0.95546875 0.075 0.0890625
3 0.75546875 0.803125 0.4796875 0.39375
3 0.12734375 0.9515625 0.0625 0.09609375
3 0.08125 0.76640625 0.04609375 0.09609375
3 0.15625 0.8 0.0875 0.16328125
3 0.1875 0.97734375 0.05 0.0453125
3 0.30234375 0.57421875 0.15390625 0.30390625
3 0.92734375 0.559375 0.1375 0.2890625
3 0.05625 0.60390625 0.07890625 0.140625
3 0.01015625 0.98046875 0.0203125 0.0359375
3 0.50234375 0.69296875 0.09609375 0.21484375
3 0.00390625 0.85078125 0.0078125 0.2515625
3 0.625 0.51875 0.19140625 0.29609375