3 0.68515625 0.728125 0.1125 0.21875
3 0.12890625 0.053125 0.125 0.10625
3 0.47734375 0.265625 0.0875 0.14375
3 0.52734375 0.315625 0.07890625 0.15625
3 0.75625 0.9125 0.37109375 0.175
3 0.6125 0.665625 0.25 0.20625
3 0.92265625 0.740625 0.09609375 0.11875
3 0.13984375 0.446875 0.25390625 0.25625
3 0.77734375 0.6875 0.1125 0.2625
3 0.91015625 0.23125 0.09609375 0.1125
3 0.06484375 0.275 0.12109375 0.2125
3 0.16015625 0.771875 0.3125 0.41875
3 0.675 0.425 0.09140625 0.1625
3 0.42890625 0.759375 0.05859375 0.10625
3 0.44765625 0.425 0.42890625 0.225
3 0.9203125 0.565625 0.159375 0.61875