3 0.4890625 0.12734375 0.178125 0.253125
3 0.95546875 0.19765625 0.075 0.053125
3 0.6 0.48515625 0.075 0.0625
3 0.15546875 0.975 0.2375 0.05
3 0.74453125 0.10390625 0.1703125 0.065625
3 0.27421875 0.72734375 0.0890625 0.053125
3 0.778125 0.21015625 0.075 0.053125
3 0.5671875 0.0046875 0.096875 0.009375
3 0.7109375 0.53984375 0.19375 0.103125
3 0.96640625 0.67734375 0.065625 0.1125
3 0.559375 0.2875 0.378125 0.325
3 0.77421875 0.33515625 0.15625 0.096875
3 0.90703125 0.09140625 0.15625 0.1
3 0.86328125 0.515625 0.2734375 0.253125
3 0.7515625 0.0234375 0.140625 0.046875
3 0.240625 0.16875 0.48125 0.3375
3 0.98515625 0.00234375 0.0296875 0.003125
3 0.64921875 0.83984375 0.4671875 0.3203125