1 0.459375 0.37109375 0.1484375 0.084375
1 0.678125 0.86015625 0.184375 0.1375
1 0.5296875 0.5625 0.15625 0.090625
1 0.66640625 0.71640625 0.19375 0.1
1 0.478125 0.475 0.140625 0.109375
3 0.63359375 0.05390625 0.125 0.084375
3 0.87421875 0.02734375 0.2515625 0.053125
3 0.44453125 0.64765625 0.8890625 0.703125
3 0.80703125 0.36875 0.178125 0.096875
3 0.21875 0.26015625 0.215625 0.1375
3 0.1109375 0.90390625 0.221875 0.190625
3 0.23671875 0.07734375 0.415625 0.153125
3 0.73671875 0.62734375 0.275 0.171875
3 0.79296875 0.13125 0.2515625 0.146875