3 0.2140625 0.0515625 0.0625 0.103125
3 0.41484375 0.278125 0.07109375 0.15546875
3 0.60390625 0.1515625 0.08359375 0.140625
3 0.97265625 0.48125 0.05390625 0.19296875
3 0.75859375 0.02578125 0.475 0.0515625
3 0.234375 0.03671875 0.053125 0.0734375
3 0.4078125 0.0515625 0.084375 0.103125
3 0.05859375 0.26640625 0.11640625 0.2515625
3 0.56015625 0.33359375 0.1125 0.20703125
3 0.1375 0.08515625 0.06640625 0.1703125
3 0.47109375 0.06328125 0.08359375 0.12578125
3 0.95390625 0.19296875 0.06640625 0.13359375
3 0.19609375 0.059375 0.05 0.11875
3 0.00625 0.00703125 0.0125 0.0140625
3 0.01640625 0.0734375 0.0328125 0.11875
3 0.21640625 0.24453125 0.10859375 0.178125
2 0.5 0.6515625 1 0.69609375