3 0.15625 0.26328125 0.05390625 0.08125
3 0.78515625 0.58515625 0.22109375 0.221875
3 0.50859375 0.15546875 0.075 0.13359375
3 0.7375 0.10703125 0.11640625 0.15546875
3 0.68515625 0.23359375 0.1125 0.2
3 0.7875 0.3 0.11640625 0.1703125
3 0.01484375 0.659375 0.02890625 0.1484375
3 0.56640625 0.51875 0.08359375 0.16328125
3 0.37890625 0.30390625 0.11640625 0.1484375
3 0.275 0.1484375 0.10859375 0.16328125
3 0.03984375 0.26328125 0.07890625 0.15546875
3 0.125 0.4515625 0.25 0.3109375
3 0.21015625 0.79609375 0.3625 0.40703125
3 0.834375 0.021875 0.2375 0.04375
3 0.4625 0.0484375 0.20859375 0.09609375