3 0.54453125 0.09140625 0.140625 0.084375
3 0.98515625 0.24375 0.0296875 0.053125
3 0.87421875 0.325 0.103125 0.059375
3 0.9703125 0.41015625 0.059375 0.0875
3 0.8296875 0.75859375 0.340625 0.475
3 0.67421875 0.06640625 0.134375 0.075
3 0.97734375 0.4703125 0.0453125 0.075
3 0.76640625 0.51640625 0.184375 0.1
3 0.90703125 0.00859375 0.184375 0.015625
3 0.99609375 0.1375 0.00625 0.065625
3 0.621875 0.94140625 0.296875 0.1171875
3 0.8703125 0.16875 0.1703125 0.0875
3 0.63359375 0.3125 0.31875 0.165625
3 0.57421875 0.63359375 0.2890625 0.190625