3 0.5 0.63671875 0.075 0.178125
3 0.29375 0.6 0.078125 0.134375
3 0.20078125 0.06640625 0.1328125 0.1328125
1 0.0171875 0.403125 0.034375 0.140625
3 0.41875 0.64453125 0.078125 0.134375
3 0.00859375 0.77421875 0.015625 0.2
3 0.909375 0.10703125 0.140625 0.2140625
3 0.625 0.859375 0.740625 0.28125
3 0.02734375 0.44453125 0.053125 0.8890625
3 0.08515625 0.17421875 0.128125 0.2
3 0.20859375 0.7484375 0.140625 0.2515625
3 0.3 0.21484375 0.215625 0.4296875
3 0.575 0.2484375 0.159375 0.496875
3 0.825 0.59296875 0.35 0.784375