3 0.51484375 0.459375 0.05390625 0.07421875
3 0.2 0.00390625 0.05859375 0.00703125
3 0.40625 0.56640625 0.04609375 0.06640625
3 0.58359375 0.059375 0.075 0.11875
3 0.45390625 0.32578125 0.21640625 0.20703125
3 0.4 0.18515625 0.06640625 0.13359375
3 0.55 0.22578125 0.1 0.1703125
3 0.453125 0.00703125 0.075 0.0140625
3 0.92265625 0.078125 0.05390625 0.12578125
3 0.70859375 0.440625 0.225 0.3484375
3 0.12265625 0.040625 0.05390625 0.08125
3 0.9625 0.36328125 0.075 0.3703125
3 0.18515625 0.01484375 0.04609375 0.0296875
3 0.20625 0.1515625 0.1125 0.18515625
3 0.05234375 0.1703125 0.10390625 0.26640625
3 0.01015625 0.021875 0.0203125 0.04375
2 0.5 0.6515625 1 0.69609375