1 0.68984375 0.64453125 0.12890625 0.178125
1 0.2 0.42578125 0.1 0.1703125
1 0.40234375 0.50390625 0.0875 0.1484375
3 0.9640625 0.14765625 0.071875 0.2515625
1 0.54609375 0.64453125 0.08359375 0.178125
1 0.30234375 0.46640625 0.09609375 0.13359375
3 0.80234375 0.12578125 0.34609375 0.2515625
3 0.2 0.79296875 0.09140625 0.19296875
3 0.45859375 0.71484375 0.18359375 0.30390625
3 0.01640625 0.77734375 0.0328125 0.2515625
3 0.56171875 0.43671875 0.8671875 0.8734375
3 0.0875 0.18125 0.11640625 0.18515625