3 0.80859375 0.121875 0.10859375 0.15546875
3 0.57734375 0.16640625 0.07109375 0.12578125
3 0.49765625 0.32578125 0.07109375 0.11875
3 0.8625 0.32578125 0.11640625 0.178125
3 0.34140625 0.159375 0.11640625 0.15546875
3 0.22109375 0.27421875 0.05859375 0.07421875
3 0.63359375 0.5484375 0.08359375 0.1484375
3 0.09765625 0.26640625 0.09609375 0.16328125
3 0.85234375 0.64453125 0.24609375 0.178125
3 0.75859375 0.259375 0.125 0.20703125
3 0.43359375 0.31875 0.08359375 0.1484375
3 0.03125 0.18515625 0.0625 0.3703125
3 0.89375 0.03359375 0.20390625 0.06640625
3 0.27890625 0.8 0.36640625 0.4
3 0.16015625 0.45859375 0.3203125 0.3265625
3 0.5328125 0.0515625 0.215625 0.103125