1 0.67265625 0.6515625 0.09609375 0.19296875
3 0.025 0.63359375 0.05 0.1109375
1 0.525 0.53359375 0.08359375 0.1484375
1 0.80859375 0.67421875 0.13359375 0.178125
1 0.32109375 0.45546875 0.09140625 0.15546875
1 0.42734375 0.478125 0.09609375 0.140625
3 0.05625 0.24453125 0.1125 0.44453125
3 0.32265625 0.80390625 0.1125 0.18515625
3 0.01015625 0.87421875 0.0203125 0.2515625
3 0.878125 0.13671875 0.240625 0.2734375
3 0.62890625 0.4484375 0.73359375 0.89609375
3 0.08984375 0.778125 0.1375 0.23671875
3 0.21640625 0.21875 0.11640625 0.2
3 0.58515625 0.73359375 0.17890625 0.28125