3 0.57734375 0.23671875 0.1125 0.1484375
3 0.30625 0.1109375 0.07109375 0.11875
3 0.22890625 0.2703125 0.05859375 0.09609375
3 0.36015625 0.46328125 0.07890625 0.12578125
3 0.475 0.2 0.11640625 0.19296875
3 0.58515625 0.51484375 0.17890625 0.2
3 0.16640625 0.26328125 0.075 0.12578125
3 0.521875 0.06640625 0.103125 0.1328125
3 0.775 0.07421875 0.45 0.1484375
3 0.02265625 0.44453125 0.0453125 0.3703125
3 0.07734375 0.1109375 0.10390625 0.16328125
3 0.25625 0.03359375 0.19609375 0.06640625
3 0.08984375 0.7703125 0.17890625 0.459375