3 0.9515625 0.43359375 0.096875 0.115625
3 0.36640625 0.93984375 0.1109375 0.078125
1 0.31484375 0.28359375 0.184375 0.1
1 0.54453125 0.625 0.15625 0.090625
1 0.3296875 0.13515625 0.2296875 0.146875
1 0.46328125 0.42734375 0.15625 0.096875
1 0.51484375 0.52265625 0.15625 0.1125
3 0.12578125 0.96484375 0.2515625 0.0703125
3 0.559375 0.3484375 0.88125 0.696875
3 0.896875 0.0984375 0.20625 0.196875
3 0.19609375 0.62734375 0.2 0.103125
3 0.7640625 0.92109375 0.415625 0.1578125
3 0.77421875 0.73359375 0.215625 0.134375
3 0.26328125 0.36640625 0.275 0.165625
3 0.21484375 0.86015625 0.2515625 0.146875