3 0.65234375 0.059375 0.12109375 0.11875
3 0.35 0.640625 0.06640625 0.1703125
3 0.5625 0.58515625 0.075 0.10390625
3 0.43125 0.63671875 0.07890625 0.11875
1 0.86875 0.39609375 0.10390625 0.1703125
1 0.9640625 0.41875 0.071875 0.140625
3 0.87265625 0.75546875 0.09609375 0.19296875
3 0.896875 0.43671875 0.203125 0.8734375
3 0.7625 0.17421875 0.13359375 0.21484375
3 0.3078125 0.8625 0.615625 0.275
3 0.275 0.259375 0.16640625 0.51875
3 0.54765625 0.2109375 0.22109375 0.421875
3 0.1 0.58515625 0.2 0.7703125
3 0.63984375 0.74453125 0.14609375 0.259375