3 0.06328125 0.47265625 0.125 0.103125
3 0.20390625 0.65859375 0.065625 0.05
3 0.2 0.49140625 0.19375 0.140625
3 0.1109375 0.68125 0.11875 0.071875
3 0.23359375 0.41875 0.15625 0.096875
3 0.07421875 0.21484375 0.1484375 0.421875
3 0.49609375 0.21640625 0.1484375 0.090625
3 0.26328125 0.76015625 0.08125 0.0625
3 0.47421875 0.63125 0.134375 0.078125
3 0.1109375 0.91484375 0.1625 0.1125
3 0.259375 0.82890625 0.134375 0.075
3 0.5109375 0.42265625 0.221875 0.221875
3 0.459375 0.97265625 0.384375 0.0546875
3 0.03671875 0.73203125 0.0734375 0.2046875
3 0.00390625 0.375 0.00625 0.215625
3 0.7703125 0.90390625 0.459375 0.1921875