3 0.71640625 0.06328125 0.125 0.12578125
3 0.41484375 0.640625 0.0625 0.1703125
3 0.625 0.58515625 0.075 0.10390625
3 0.0375 0.13359375 0.075 0.16328125
1 0.93515625 0.4 0.10390625 0.178125
3 0.49609375 0.640625 0.08359375 0.12578125
1 0.9953125 0.42109375 0.009375 0.1484375
3 0.9328125 0.440625 0.134375 0.88125
3 0.13359375 0.58515625 0.26640625 0.75546875
3 0.9375 0.7484375 0.1 0.19296875
3 0.33984375 0.26328125 0.1625 0.52578125
3 0.83359375 0.16640625 0.13359375 0.21484375
3 0.3375 0.859375 0.675 0.28125
3 0.61484375 0.21484375 0.2125 0.4296875
3 0.70390625 0.740625 0.14140625 0.2515625