1 0.32734375 0.6515625 0.096875 0.19375
3 0.975 0.63359375 0.05 0.1109375
1 0.475 0.53359375 0.084375 0.1484375
1 0.19140625 0.67421875 0.134375 0.178125
1 0.67890625 0.45546875 0.090625 0.15625
1 0.57265625 0.478125 0.096875 0.140625
3 0.94375 0.24453125 0.1125 0.44375
3 0.67734375 0.80390625 0.1125 0.184375
3 0.98984375 0.87421875 0.0203125 0.2515625
3 0.121875 0.13671875 0.240625 0.2734375
3 0.37109375 0.4484375 0.734375 0.896875
3 0.91015625 0.778125 0.1375 0.2375
3 0.78359375 0.21875 0.115625 0.2
3 0.41484375 0.73359375 0.178125 0.28125