3 0.11875 0.4484375 0.071875 0.125
3 0.58984375 0.25546875 0.071875 0.15625
3 0.5921875 0.03671875 0.084375 0.0734375
3 0.4375 0.321875 0.109375 0.2
3 0.04609375 0.18125 0.065625 0.140625
3 0.94140625 0.24453125 0.115625 0.2515625
3 0.53125 0.0484375 0.078125 0.096875
3 0.86640625 0.078125 0.065625 0.15625
3 0.80390625 0.0484375 0.05 0.096875
3 0.2375 0.01484375 0.465625 0.0296875
3 0.99140625 0.0109375 0.015625 0.021875
3 0.98359375 0.05546875 0.0328125 0.1109375
3 0.78125 0.22578125 0.1125 0.184375
2 0.5 0.6515625 1 0.696875