3 0.36328125 0.93984375 0.11875 0.078125
1 0.53359375 0.62734375 0.1484375 0.096875
1 0.33359375 0.13515625 0.2515625 0.1375
1 0.31875 0.27890625 0.178125 0.1
1 0.5109375 0.52265625 0.1484375 0.103125
1 0.45546875 0.42265625 0.15625 0.096875
3 0.55546875 0.34609375 0.875 0.690625
3 0.13359375 0.9625 0.265625 0.075
3 0.19296875 0.62890625 0.19375 0.109375
3 0.9 0.10234375 0.2 0.203125
3 0.7640625 0.92109375 0.415625 0.1578125
3 0.77421875 0.73359375 0.215625 0.134375
3 0.26328125 0.36875 0.275 0.171875
3 0.20703125 0.86015625 0.2515625 0.146875