3 0.36328125 0.38359375 0.178125 0.065625
3 0.87109375 0.02265625 0.1546875 0.0453125
3 0.41875 0.59140625 0.1109375 0.075
1 0.6 0.90234375 0.1625 0.0875
3 0.359375 0.46640625 0.125 0.084375
3 0.23671875 0.90390625 0.20625 0.1
1 0.58125 0.98125 0.140625 0.0375
3 0.5703125 0.91875 0.859375 0.1625
3 0.83359375 0.79765625 0.2 0.1375
3 0.79296875 0.5828125 0.4140625 0.215625
3 0.140625 0.32109375 0.28125 0.640625
3 0.74453125 0.30859375 0.5109375 0.165625
3 0.4078125 0.11640625 0.784375 0.2328125
3 0.259375 0.67265625 0.2515625 0.146875