1 0.62890625 0.45546875 0.090625 0.15625
3 0.93984375 0.63359375 0.078125 0.1109375
1 0.13515625 0.66640625 0.146875 0.2375
1 0.27890625 0.68515625 0.1 0.184375
1 0.52109375 0.48515625 0.109375 0.15625
1 0.425 0.540625 0.090625 0.1484375
3 0.3484375 0.440625 0.696875 0.88125
3 0.96484375 0.8703125 0.0703125 0.259375
3 0.62890625 0.80390625 0.109375 0.2
3 0.1 0.1 0.2 0.2
3 0.92109375 0.2359375 0.1578125 0.415625
3 0.36640625 0.73671875 0.165625 0.275
3 0.73359375 0.221875 0.134375 0.20625
3 0.86015625 0.79296875 0.146875 0.2515625