3 0.54140625 0.5515625 0.05859375 0.1109375
3 0.13125 0.678125 0.07890625 0.140625
3 0.17890625 0.28125 0.10859375 0.178125
3 0.66640625 0.1890625 0.075 0.140625
3 0.57890625 0.3484375 0.05859375 0.0890625
3 0.94765625 0.359375 0.10390625 0.15546875
3 0.42734375 0.16640625 0.1125 0.15546875
3 0.9125 0.69296875 0.16640625 0.18515625
3 0.85 0.278125 0.125 0.21484375
3 0.72265625 0.578125 0.07890625 0.13359375
3 0.51015625 0.34453125 0.07890625 0.140625
3 0.025 0.30703125 0.05 0.2
3 0.07265625 0.15546875 0.1453125 0.3109375
3 0.94765625 0.059375 0.10390625 0.11875
3 0.23359375 0.4703125 0.34140625 0.31875
3 0.3625 0.80703125 0.35859375 0.38515625
3 0.62109375 0.06328125 0.2 0.12578125