3 0.9703125 0.8140625 0.059375 0.2375
3 0.3375 0.63671875 0.06640625 0.16328125
3 0.9953125 0.01796875 0.009375 0.0359375
3 0.6375 0.05546875 0.13359375 0.1109375
3 0.54765625 0.5890625 0.07890625 0.1109375
1 0.85390625 0.3890625 0.09140625 0.15546875
1 0.95625 0.41484375 0.0875 0.1484375
3 0.41875 0.63671875 0.0875 0.11875
3 0.89375 0.4296875 0.2125 0.859375
3 0.85234375 0.759375 0.12109375 0.2296875
3 0.74375 0.1703125 0.12890625 0.20703125
3 0.26171875 0.2515625 0.1671875 0.503125
3 0.53359375 0.21484375 0.225 0.4296875
3 0.09609375 0.58125 0.19140625 0.76328125
3 0.30390625 0.8625 0.6078125 0.275
3 0.62890625 0.73671875 0.14140625 0.259375