3 0.75859375 0.19296875 0.05 0.075
3 0.0421875 0.61875 0.084375 0.540625
3 0.77734375 0.09296875 0.071875 0.125
3 0.18515625 0.7109375 0.0875 0.134375
3 0.30390625 0.20390625 0.134375 0.1703125
3 0.52109375 0.21484375 0.1 0.1625
3 0.28125 0.06640625 0.4625 0.1328125
3 0.85625 0.2515625 0.053125 0.103125
3 0.57109375 0.059375 0.1 0.11875
3 0.51875 0.48515625 0.203125 0.215625
3 0.73125 0.440625 0.078125 0.125
3 0.97734375 0.09921875 0.0453125 0.1546875
3 0.62109375 0.16640625 0.109375 0.2
3 0.92265625 0.25546875 0.078125 0.140625
3 0.9546875 0.7625 0.090625 0.475
3 0.82734375 0.02578125 0.196875 0.0515625