3 0.6125 0.18515625 0.11640625 0.1484375
3 0.0125 0.51484375 0.025 0.18515625
3 0.97890625 0.178125 0.04140625 0.1484375
3 0.16015625 0.17421875 0.04609375 0.06640625
3 0.72109375 0.67421875 0.06640625 0.10390625
3 0.22109375 0.33671875 0.25859375 0.33359375
3 0.39140625 0.2 0.1 0.1484375
3 0.1375 0.08515625 0.06640625 0.12578125
3 0.02265625 0.4328125 0.0453125 0.096875
3 0.1875 0.421875 0.06640625 0.11875
3 0.3453125 0.0515625 0.109375 0.103125
3 0.29765625 0.1484375 0.1125 0.178125
3 0.60859375 0.840625 0.075 0.08125
3 0.06015625 0.240625 0.05390625 0.08125
3 0.38359375 0.49296875 0.2 0.12578125
3 0.68515625 0.059375 0.59609375 0.11875
3 0.01484375 0.2515625 0.02890625 0.1484375
3 0.9015625 0.584375 0.196875 0.51875
3 0.00390625 0.759375 0.0078125 0.48125
3 0.09609375 0.01875 0.19140625 0.03671875