1 0.321875 0.86484375 0.2296875 0.1375
3 0.35546875 0.0625 0.103125 0.075
1 0.30703125 0.72265625 0.1703125 0.096875
1 0.45546875 0.575 0.15625 0.1
1 0.53671875 0.37109375 0.125 0.090625
1 0.5109375 0.47734375 0.1484375 0.096875
3 0.12578125 0.03125 0.2375 0.0625
3 0.55546875 0.6515625 0.8890625 0.696875
3 0.18515625 0.37109375 0.19375 0.109375
3 0.8890625 0.90390625 0.221875 0.190625
3 0.7484375 0.08125 0.4 0.1625
3 0.77421875 0.26640625 0.2 0.134375
3 0.25546875 0.63515625 0.275 0.171875
3 0.2 0.13984375 0.2515625 0.146875