3 0.36328125 0.4875 0.178125 0.065625
3 0.93671875 0.79765625 0.125 0.128125
3 0.40703125 0.7 0.11875 0.075
3 0.35546875 0.57109375 0.11875 0.084375
1 0.58203125 0.9828125 0.1546875 0.034375
3 0.89296875 0.084375 0.2140625 0.1375
3 0.240625 0.96875 0.184375 0.0625
3 0.559375 0.9640625 0.88125 0.071875
3 0.140625 0.37109375 0.28125 0.734375
3 0.8296875 0.90390625 0.20625 0.134375
3 0.74453125 0.41015625 0.5109375 0.1625
3 0.7890625 0.69375 0.421875 0.2125
3 0.2484375 0.77890625 0.259375 0.1421875
3 0.4 0.16875 0.784375 0.3375