1 0.37265625 0.4515625 0.09609375 0.16328125
3 0.06015625 0.63359375 0.07890625 0.1109375
1 0.71875 0.68515625 0.09609375 0.18515625
1 0.8625 0.66640625 0.15 0.221875
1 0.57109375 0.53671875 0.09140625 0.15546875
1 0.47734375 0.48125 0.10390625 0.1484375
3 0.03125 0.87421875 0.0625 0.2515625
3 0.6515625 0.440625 0.696875 0.88125
3 0.37109375 0.80703125 0.10859375 0.20703125
3 0.9015625 0.10703125 0.196875 0.2140625
3 0.07890625 0.2328125 0.1578125 0.421875
3 0.26484375 0.221875 0.12890625 0.20703125
3 0.63359375 0.73359375 0.16640625 0.28125
3 0.13984375 0.78515625 0.14609375 0.2515625