1 0.63359375 0.22109375 0.1703125 0.075
3 0.059375 0.525 0.11875 0.134375
3 0.621875 0.30390625 0.134375 0.084375
3 0.57421875 0.42890625 0.1109375 0.075
1 0.36640625 0.7375 0.140625 0.090625
3 0.4484375 0.0375 0.584375 0.075
1 0.3890625 0.84375 0.140625 0.096875
1 0.44453125 0.94140625 0.1625 0.0921875
3 0.80390625 0.88984375 0.303125 0.1875
3 0.7296875 0.74140625 0.1703125 0.1
3 0.421875 0.8328125 0.84375 0.334375
3 0.16328125 0.63125 0.20625 0.1375
3 0.23671875 0.1453125 0.4734375 0.15
3 0.72578125 0.5125 0.2515625 0.140625
3 0.21484375 0.42109375 0.4296875 0.209375
3 0.64765625 0.9578125 0.2890625 0.084375
3 0.83671875 0.23984375 0.325 0.4625