1 0.4703125 0.62890625 0.15625 0.1
3 0.63671875 0.93984375 0.11875 0.078125
1 0.6703125 0.1375 0.2296875 0.140625
1 0.6890625 0.27890625 0.178125 0.1
1 0.48125 0.52109375 0.1484375 0.1
1 0.54453125 0.42265625 0.15625 0.096875
3 0.8703125 0.96640625 0.259375 0.0671875
3 0.440625 0.34609375 0.88125 0.690625
3 0.10390625 0.10234375 0.20625 0.203125
3 0.81484375 0.62890625 0.19375 0.109375
3 0.22578125 0.7375 0.2 0.134375
3 0.2359375 0.92109375 0.415625 0.1578125
3 0.740625 0.36640625 0.28125 0.175
3 0.79296875 0.86015625 0.2515625 0.146875