1 0.36875 0.46640625 0.09609375 0.1484375
3 0.05859375 0.63359375 0.075 0.12578125
1 0.71640625 0.6703125 0.1 0.2
1 0.8625 0.67421875 0.14140625 0.221875
1 0.47265625 0.48125 0.1125 0.16328125
1 0.57734375 0.540625 0.09609375 0.16328125
3 0.03359375 0.87421875 0.06640625 0.2515625
3 0.65 0.440625 0.7 0.88125
3 0.37265625 0.8109375 0.10390625 0.18515625
3 0.26484375 0.221875 0.12890625 0.20703125
3 0.07734375 0.23671875 0.15390625 0.41484375
3 0.9 0.10390625 0.2 0.20703125
3 0.63125 0.740625 0.17109375 0.28125
3 0.1375 0.7890625 0.14140625 0.259375