3 0.44140625 0.0484375 0.10859375 0.09609375
1 0.73125 0.66328125 0.12890625 0.18515625
1 0.25234375 0.44453125 0.10390625 0.178125
1 0.6 0.68125 0.075 0.13359375
1 0.35234375 0.46328125 0.09609375 0.12578125
1 0.44375 0.51875 0.07890625 0.13359375
3 0.24140625 0.80390625 0.1 0.18515625
3 0.58984375 0.44453125 0.8125 0.8890625
3 0.01484375 0.22578125 0.02890625 0.43671875
3 0.1375 0.21875 0.14140625 0.2296875
3 0.51015625 0.72578125 0.17890625 0.29609375
3 0.8390625 0.1296875 0.321875 0.259375
3 0.04375 0.78125 0.0875 0.24453125