3 0.73671875 0.9453125 0.1703125 0.109375
3 0.8703125 0.44140625 0.125 0.075
3 0.4515625 0.925 0.1625 0.125
3 0.7484375 0.0875 0.0890625 0.059375
3 0.7515625 0.00625 0.15625 0.0125
3 0.721875 0.70859375 0.1703125 0.109375
3 0.70390625 0.29375 0.1484375 0.078125
3 0.91875 0.6578125 0.1625 0.109375
3 0.86328125 0.20859375 0.1703125 0.109375
3 0.43359375 0.71875 0.215625 0.203125
3 0.78515625 0.60390625 0.19375 0.1171875
3 0.50703125 0.48984375 0.125 0.071875
3 0.559375 0.0875 0.31875 0.175
3 0.9890625 0.7625 0.021875 0.240625
3 0.959375 0.38984375 0.08125 0.196875
3 0.21953125 0.15390625 0.4359375 0.3078125