3 0.64765625 0.63359375 0.07890625 0.1109375
3 0.30625 0.7296875 0.0625 0.12578125
3 0.81875 0.22578125 0.05390625 0.08125
3 0.025 0.93671875 0.05 0.12578125
3 0.49375 0.28515625 0.10390625 0.18515625
3 0.93984375 0.1 0.10390625 0.15546875
3 0.51640625 0.1484375 0.25859375 0.29609375
3 0.69765625 0.2296875 0.09609375 0.16328125
3 0.35859375 0.03359375 0.11640625 0.06640625
3 0.99140625 0.2515625 0.01640625 0.1484375
3 0.74609375 0.41484375 0.31640625 0.32578125
3 0.8453125 0.7625 0.309375 0.475
3 0.18125 0.3484375 0.35390625 0.47421875