3 0.421875 0.975 0.15625 0.05
3 0.284375 0.15 0.13125 0.075
3 0.2625 0.20859375 0.1125 0.059375
3 0.325 0.24765625 0.125 0.071875
3 0.221875 0.13984375 0.13125 0.0875
3 0.328125 0.15625 0.10625 0.078125
3 0.134375 0.55390625 0.09375 0.059375
3 0.03125 0.48515625 0.0625 0.078125
3 0.25625 0.99765625 0.125 0.0046875
3 0.634375 0.32265625 0.15625 0.103125
3 0.525 0.92265625 0.225 0.153125
3 0.76875 0.90390625 0.25 0.115625
3 0.434375 0.22734375 0.14375 0.2875
3 0.465625 0.67890625 0.29375 0.340625
3 0.190625 0.80625 0.38125 0.3875