3 0.00234375 0.078125 0.00390625 0.15546875
1 0.64140625 0.64453125 0.10859375 0.178125
3 0.9625 0.71484375 0.075 0.2296875
1 0.50234375 0.6484375 0.09609375 0.1703125
1 0.1625 0.421875 0.08359375 0.1484375
1 0.26484375 0.459375 0.09609375 0.13359375
1 0.36015625 0.5109375 0.0875 0.1484375
3 0.94375 0.159375 0.1125 0.31875
3 0.15234375 0.7890625 0.12109375 0.2
3 0.5375 0.4484375 0.925 0.89609375
3 0.75546875 0.10703125 0.3296875 0.2140625
3 0.42109375 0.70703125 0.18359375 0.30390625
3 0.05625 0.1890625 0.1125 0.2