3 0.24140625 0.19296875 0.05 0.07421875
3 0.9578125 0.61875 0.084375 0.540625
3 0.22265625 0.09296875 0.07109375 0.12578125
3 0.81484375 0.7109375 0.0875 0.13359375
3 0.69609375 0.20390625 0.13359375 0.1703125
3 0.47890625 0.21484375 0.1 0.16328125
3 0.71875 0.06640625 0.4625 0.1328125
3 0.14375 0.2515625 0.05390625 0.10390625
3 0.42890625 0.059375 0.1 0.11875
3 0.48125 0.48515625 0.20390625 0.21484375
3 0.26875 0.440625 0.07890625 0.12578125
3 0.02265625 0.09921875 0.0453125 0.1546875
3 0.37890625 0.16640625 0.10859375 0.2
3 0.07734375 0.25546875 0.07890625 0.140625
3 0.0453125 0.7625 0.090625 0.475
3 0.17265625 0.02578125 0.19609375 0.0515625