3 0.540625 0.65390625 0.11875 0.084375
3 0.29296875 0.79609375 0.1109375 0.075
3 0.8 0.6875 0.1625 0.1171875
3 0.7484375 0.12890625 0.103125 0.065625
3 0.94453125 0.41875 0.1109375 0.096875
3 0.6296875 0.7375 0.1625 0.134375
3 0.93671875 0.69140625 0.125 0.5
3 0.78125 0.46015625 0.15625 0.103125
3 0.45234375 0.04765625 0.2359375 0.0953125
3 0.840625 0.36640625 0.2 0.115625
3 0.9 0.20390625 0.125 0.065625
3 0.53359375 0.48984375 0.221875 0.153125
3 0.3671875 0.9390625 0.55625 0.121875
3 0.56328125 0.25625 0.11875 0.071875
3 0.7484375 0.0625 0.1484375 0.084375
3 0.9 0.01484375 0.15625 0.028125
3 0.240625 0.03984375 0.48125 0.078125
3 0.97421875 0.15859375 0.0515625 0.190625