1 0.53671875 0.63125 0.15625 0.096875
3 0.36328125 0.93984375 0.11875 0.078125
1 0.33359375 0.13515625 0.2375 0.1375
1 0.321875 0.27890625 0.184375 0.1
1 0.51875 0.52265625 0.1484375 0.103125
1 0.45546875 0.42109375 0.15625 0.1
3 0.55234375 0.3484375 0.8671875 0.696875
3 0.1296875 0.96640625 0.259375 0.0671875
3 0.89296875 0.0984375 0.2140625 0.196875
3 0.7640625 0.92109375 0.415625 0.1578125
3 0.1890625 0.62890625 0.184375 0.109375
3 0.77421875 0.7375 0.2 0.134375
3 0.259375 0.36640625 0.28125 0.165625
3 0.20703125 0.86015625 0.2515625 0.146875