3 0.9765625 0.421875 0.046875 0.15625
3 0.50859375 0.403125 0.09140625 0.10625
3 0.72734375 0.228125 0.12109375 0.25625
3 0.65 0.1875 0.25 0.2125
3 0.71015625 0.0125 0.0875 0.025
3 0.73984375 0.440625 0.25390625 0.20625
3 0.95390625 0.25625 0.09140625 0.125
3 0.475 0.278125 0.05859375 0.10625
3 0.33515625 0.696875 0.10390625 0.20625
3 0.17109375 0.046875 0.29140625 0.09375
3 0.82109375 0.2 0.11640625 0.3
3 0.97890625 0.525 0.04140625 0.225
3 0.875 0.6125 0.08359375 0.2
3 0.48515625 0.03125 0.42890625 0.0625
3 0.59140625 0.61875 0.43359375 0.225
3 0.9375 0.190625 0.125 0.38125
3 0.175 0.4625 0.33359375 0.725