3 0.78359375 0.378125 0.075 0.13125
3 0.85 0.384375 0.075 0.13125
3 0.75859375 0.41875 0.075 0.125
3 0.87109375 0.321875 0.08359375 0.13125
3 0.84765625 0.428125 0.07890625 0.10625
3 0.45234375 0.23125 0.05390625 0.0875
3 0.51640625 0.09375 0.08359375 0.1375
3 0.025 0.51875 0.05 0.1375
3 0.00234375 0.359375 0.00390625 0.11875
3 0.67890625 0.728125 0.1 0.16875
3 0.10234375 0.859375 0.12109375 0.23125
3 0.08359375 0.628125 0.16640625 0.20625
3 0.77734375 0.53125 0.29609375 0.1375
3 0.325 0.565625 0.34140625 0.29375
3 0.19609375 0.2375 0.39140625 0.475