3 0.35 0.45546875 0.08359375 0.12578125
3 0.22265625 0.940625 0.05390625 0.11875
3 0.38984375 0.9296875 0.07890625 0.140625
3 0.45390625 0.940625 0.075 0.11875
3 0.31015625 0.78515625 0.05390625 0.0890625
3 0.07890625 0.76640625 0.04140625 0.1109375
3 0.07734375 0.46640625 0.0875 0.1484375
3 0.12109375 0.9515625 0.05859375 0.09609375
3 0.1875 0.9703125 0.04140625 0.059375
3 0.15 0.79296875 0.08359375 0.1484375
3 0.75390625 0.8 0.48359375 0.38515625
3 0.49765625 0.678125 0.10390625 0.21484375
3 0.04765625 0.59609375 0.07109375 0.12578125
3 0.92734375 0.55546875 0.1375 0.28125
3 0.01015625 0.97734375 0.0203125 0.0453125
3 0.29609375 0.57421875 0.15 0.2890625
3 0.61484375 0.5 0.19609375 0.2890625