3 0.11484375 0.25546875 0.05390625 0.08125
3 0.34140625 0.49609375 0.05859375 0.10390625
3 0.73515625 0.2890625 0.12109375 0.16328125
3 0.52109375 0.5109375 0.08359375 0.13359375
3 0.46640625 0.13671875 0.075 0.12578125
3 0.63515625 0.221875 0.1125 0.19296875
3 0.9515625 0.52890625 0.096875 0.2296875
3 0.68984375 0.0890625 0.10390625 0.16328125
3 0.38515625 0.3109375 0.05390625 0.11875
3 0.7375 0.57421875 0.225 0.21484375
3 0.10390625 0.465625 0.2078125 0.35625
3 0.31875 0.30703125 0.07890625 0.140625
3 0.22890625 0.140625 0.10859375 0.16328125
3 0.01875 0.25546875 0.0375 0.15546875
3 0.7875 0.01875 0.24140625 0.03671875
3 0.41875 0.0484375 0.19609375 0.09609375
3 0.16875 0.7890625 0.3375 0.421875