3 0.771875 0.68359375 0.19375 0.109375
3 0.33125 0.40625 0.15 0.078125
3 0.309375 0.07265625 0.23125 0.1375
3 0.290625 0.47265625 0.10625 0.078125
3 0.728125 0.77890625 0.25625 0.125
3 0.790625 0.16640625 0.34375 0.325
3 0.08125 0.13984375 0.15 0.1125
3 0.690625 0.60859375 0.18125 0.234375
3 0.3625 0.525 0.1375 0.075
3 0.934375 0.9640625 0.11875 0.071875
3 0.784375 0.92109375 0.13125 0.0921875
3 0.8125 0.43359375 0.1125 0.059375
3 0.46875 0.675 0.1625 0.090625
3 0.928125 0.75625 0.13125 0.371875
3 0.496875 0.14140625 0.25625 0.265625
3 0.475 0.44609375 0.2375 0.415625
3 0.615625 0.9203125 0.61875 0.159375