3 0.99296875 0.80078125 0.0140625 0.0578125
3 0.421875 0.59765625 0.075 0.046875
3 0.65546875 0.54140625 0.24375 0.2
3 0.52578125 0.4875 0.059375 0.059375
3 0.93671875 0.41484375 0.125 0.078125
3 0.9890625 0.54765625 0.021875 0.071875
3 0.76328125 0.44765625 0.178125 0.096875
3 0.91484375 0.07734375 0.1109375 0.053125
3 0.80703125 0.60234375 0.11875 0.0625
3 0.959375 0.87890625 0.08125 0.059375
3 0.64140625 0.0359375 0.3484375 0.071875
3 0.98515625 0.81484375 0.0296875 0.0453125
3 0.559375 0.29375 0.3484375 0.221875
3 0.81484375 0.94765625 0.28125 0.1046875
3 0.84453125 0.79609375 0.178125 0.1171875
3 0.97421875 0.98984375 0.0515625 0.0203125
2 0.35234375 0.5 0.7046875 1