3 0.93125 0.36328125 0.0875 0.134375
3 0.41015625 0.80390625 0.103125 0.2
3 0.60859375 0.59296875 0.065625 0.11875
3 0.81015625 0.578125 0.103125 0.1625
3 0.85390625 0.83359375 0.075 0.259375
3 0.22734375 0.92578125 0.096875 0.1484375
3 0.49375 0.78125 0.103125 0.215625
3 0.77265625 0.8296875 0.071875 0.134375
3 0.1796875 0.5328125 0.359375 0.415625
3 0.99140625 0.840625 0.015625 0.15625
3 0.37734375 0.49296875 0.121875 0.2296875
3 0.75 0.94453125 0.159375 0.1109375
3 0.94140625 0.9515625 0.115625 0.096875
3 0.24609375 0.278125 0.25 0.31875
3 0.62734375 0.33359375 0.203125 0.3703125