3 0.13984375 0.078125 0.1125 0.15625
3 0.77734375 0.725 0.12109375 0.25
3 0.525 0.359375 0.075 0.13125
3 0.9625 0.934375 0.075 0.11875
3 0.16484375 0.778125 0.32109375 0.33125
3 0.61015625 0.690625 0.2375 0.19375
3 0.47265625 0.290625 0.07890625 0.10625
3 0.92109375 0.784375 0.09140625 0.13125
3 0.77734375 0.925 0.40390625 0.1375
3 0.07109375 0.309375 0.13359375 0.23125
3 0.67890625 0.465625 0.09140625 0.15625
3 0.42890625 0.809375 0.05859375 0.11875
3 0.14375 0.49375 0.2625 0.25
3 0.44140625 0.471875 0.40859375 0.23125
3 0.9203125 0.615625 0.159375 0.60625