3 0.91640625 0.275 0.08359375 0.15
3 0.95 0.278125 0.075 0.15625
3 0.1125 0.365625 0.09140625 0.16875
3 0.86875 0.315625 0.0625 0.11875
3 0.64140625 0.021875 0.075 0.04375
3 0.57265625 0.103125 0.0625 0.10625
3 0.17265625 0.475 0.1875 0.225
3 0.08359375 0.2 0.09140625 0.125
3 0.78359375 0.63125 0.1 0.1625
3 0.20625 0.721875 0.14609375 0.24375
3 0.00234375 0.15 0.00390625 0.3
3 0.01484375 0.55 0.02890625 0.175
3 0.86015625 0.428125 0.2375 0.14375
3 0.26015625 0.171875 0.5125 0.34375
3 0.44375 0.43125 0.34609375 0.3