3 0.63359375 0.45625 0.2 0.103125
3 0.3484375 0.91640625 0.1625 0.125
3 0.33359375 0.54765625 0.0890625 0.053125
3 0.18125 0.62734375 0.125 0.071875
3 0.2890625 0.65625 0.0890625 0.0625
3 0.13359375 0.85859375 0.1625 0.115625
3 0.278125 0.14609375 0.1703125 0.109375
3 0.49609375 0.19609375 0.384375 0.334375
3 0.55546875 0.68359375 0.134375 0.084375
3 0.67421875 0.8875 0.1484375 0.2
3 0.659375 0.09765625 0.1625 0.078125
3 0.278125 0.80390625 0.2 0.125
3 0.16328125 0.3875 0.1625 0.109375
3 0.33359375 0.47734375 0.1484375 0.0875
3 0.178125 0.05234375 0.35625 0.103125
3 0.0515625 0.9265625 0.103125 0.146875
3 0.06328125 0.57890625 0.125 0.209375
3 0.79609375 0.32109375 0.40625 0.35