3 0.30859375 0.48515625 0.05859375 0.1109375
3 0.45625 0.22578125 0.05390625 0.09609375
3 0.93125 0.26640625 0.12890625 0.178125
3 0.26015625 0.59609375 0.12109375 0.18515625
3 0.43359375 0.1296875 0.075 0.12578125
3 0.08125 0.2515625 0.05390625 0.0890625
3 0.48125 0.4890625 0.07890625 0.13359375
3 0.91640625 0.55546875 0.10859375 0.1484375
3 0.64921875 0.08125 0.1078125 0.1625
3 0.19765625 0.1296875 0.1125 0.15546875
3 0.6 0.21484375 0.11640625 0.19296875
3 0.69765625 0.27421875 0.10390625 0.178125
3 0.35234375 0.28515625 0.05390625 0.08125
3 0.2875 0.29296875 0.075 0.12578125
3 0.00390625 0.24765625 0.0078125 0.1546875
3 0.73515625 0.56328125 0.14609375 0.221875
3 0.08359375 0.44453125 0.16640625 0.3109375
3 0.75390625 0.0109375 0.25 0.021875
3 0.38046875 0.03671875 0.2046875 0.0734375
3 0.15 0.7703125 0.3 0.459375