3 0.17890625 0.26328125 0.05859375 0.08125
3 0.8125 0.3 0.10859375 0.15546875
3 0.53515625 0.16328125 0.07109375 0.13359375
3 0.75625 0.1109375 0.10390625 0.1484375
3 0.5875 0.52578125 0.08359375 0.13359375
3 0.45234375 0.31484375 0.04609375 0.09609375
3 0.7125 0.2484375 0.125 0.21484375
3 0.29765625 0.140625 0.1125 0.16328125
3 0.80859375 0.61484375 0.25 0.221875
3 0.3875 0.3109375 0.08359375 0.1484375
3 0.01015625 0.15546875 0.0203125 0.3109375
3 0.8625 0.02578125 0.23359375 0.0515625
3 0.13515625 0.459375 0.2703125 0.340625
3 0.23046875 0.7921875 0.3546875 0.415625
3 0.48984375 0.0484375 0.20390625 0.09609375