3 0.328125 0.72734375 0.24375 0.121875
3 0.503125 0.51015625 0.10625 0.096875
3 0.94375 0.26640625 0.0875 0.065625
3 0.51875 0.9765625 0.1375 0.046875
3 0.28125 0.65234375 0.2125 0.253125
3 0.359375 0.95625 0.11875 0.0875
3 0.059375 0.71484375 0.11875 0.0875
3 0.540625 0.7375 0.20625 0.25
3 0.378125 0.475 0.10625 0.059375
3 0.628125 0.97890625 0.20625 0.0421875
3 0.3 0.82265625 0.3 0.121875
3 0.096875 0.175 0.19375 0.3
3 0.79375 0.33515625 0.2125 0.1125
3 0.715625 0.87890625 0.16875 0.084375
3 0.078125 0.4875 0.15625 0.425
3 0.721875 0.58984375 0.23125 0.4375
3 0.01875 0.07890625 0.0375 0.140625
3 0.2375 0.9390625 0.475 0.121875
3 0.56875 0.17265625 0.75 0.3375