3 0.41484375 0.43125 0.11875 0.078125
3 0.36328125 0.64609375 0.178125 0.065625
3 0.9296875 0.3375 0.140625 0.134375
1 0.60703125 0.12265625 0.1484375 0.0875
1 0.578125 0.03125 0.1484375 0.0625
3 0.36328125 0.55859375 0.11875 0.084375
3 0.2484375 0.11875 0.184375 0.103125
3 0.578125 0.096875 0.84375 0.190625
3 0.82578125 0.22734375 0.215625 0.1375
3 0.78515625 0.43984375 0.4296875 0.2125
3 0.740625 0.72109375 0.51875 0.1671875
3 0.421875 0.89765625 0.740625 0.2046875
3 0.26328125 0.35 0.24375 0.140625
3 0.1375 0.6875 0.275 0.625