3 0.7890625 0.36875 0.065625 0.053125
3 0.76640625 0.84375 0.140625 0.1296875
3 0.91875 0.79296875 0.1625 0.3953125
3 0.440625 0.18125 0.215625 0.103125
3 0.48515625 0.8125 0.125 0.084375
3 0.72578125 0.26484375 0.0890625 0.071875
3 0.759375 0.6125 0.15625 0.109375
3 0.5296875 0.39609375 0.125 0.075
3 0.87421875 0.34140625 0.134375 0.065625
3 0.9296875 0.55390625 0.140625 0.1
3 0.47421875 0.60625 0.20625 0.221875
3 0.88125 0.1125 0.1484375 0.109375
3 0.8 0.5125 0.19375 0.115625
3 0.7296875 0.2 0.140625 0.075
3 0.56328125 0.04140625 0.3109375 0.0828125
3 0.2296875 0.10625 0.459375 0.2125
3 0.96640625 0.3 0.065625 0.2