3 0.025 0.421875 0.05 0.15625
3 0.85 0.284375 0.075 0.13125
3 0.79140625 0.2625 0.05859375 0.1125
3 0.75234375 0.325 0.07109375 0.125
3 0.86015625 0.221875 0.0875 0.13125
3 0.84375 0.328125 0.07890625 0.10625
3 0.44609375 0.134375 0.05859375 0.09375
3 0.51484375 0.03125 0.07890625 0.0625
3 0.00234375 0.25625 0.00390625 0.125
3 0.67734375 0.634375 0.10390625 0.15625
3 0.07734375 0.525 0.15390625 0.225
3 0.09609375 0.76875 0.11640625 0.25
3 0.77265625 0.434375 0.2875 0.14375
3 0.32109375 0.465625 0.34140625 0.29375
3 0.19375 0.190625 0.3875 0.38125