3 0.75390625 0.06328125 0.125 0.12578125
3 0.45 0.64453125 0.06640625 0.16328125
1 0.96015625 0.4109375 0.07890625 0.15546875
3 0.6625 0.5890625 0.075 0.1109375
3 0.53359375 0.64453125 0.08359375 0.11875
3 0.0578125 0.10703125 0.115625 0.2140625
3 0.946875 0.43671875 0.103125 0.8734375
3 0.9578125 0.74765625 0.084375 0.2078125
3 0.35625 0.8625 0.7125 0.275
3 0.86484375 0.1703125 0.1375 0.20703125
3 0.14609375 0.60390625 0.29140625 0.778125
3 0.64765625 0.2109375 0.22109375 0.421875
3 0.375 0.25546875 0.16640625 0.5109375
3 0.73984375 0.74453125 0.14609375 0.259375