3 0.040625 0.52265625 0.08125 0.1125
3 0.9296875 0.06484375 0.140625 0.121875
1 0.66640625 0.36640625 0.1484375 0.084375
1 0.659375 0.2375 0.178125 0.125
3 0.6140625 0.99609375 0.11875 0.0078125
1 0.440625 0.71875 0.184375 0.103125
3 0.80390625 0.71015625 0.184375 0.096875
1 0.46328125 0.6125 0.140625 0.1
1 0.51875 0.51875 0.134375 0.0875
3 0.4515625 0.396875 0.903125 0.790625
3 0.1296875 0.14375 0.259375 0.2875
3 0.2109375 0.81875 0.215625 0.1296875
3 0.72578125 0.45234375 0.28125 0.178125
3 0.78046875 0.93984375 0.2453125 0.1203125
3 0.225 0.96484375 0.421875 0.0703125