3 0.48515625 0.459375 0.053125 0.075
3 0.8 0.00390625 0.059375 0.00625
3 0.59375 0.56640625 0.046875 0.065625
3 0.41640625 0.059375 0.075 0.11875
3 0.54609375 0.32578125 0.215625 0.20625
3 0.6 0.18515625 0.065625 0.134375
3 0.45 0.22578125 0.1 0.1703125
3 0.546875 0.00703125 0.075 0.0140625
3 0.07734375 0.078125 0.053125 0.125
3 0.29140625 0.440625 0.225 0.3484375
3 0.87734375 0.040625 0.053125 0.08125
3 0.0375 0.36328125 0.075 0.3703125
3 0.81484375 0.01484375 0.046875 0.0296875
3 0.79375 0.1515625 0.1125 0.184375
3 0.94765625 0.1703125 0.103125 0.265625
3 0.98984375 0.021875 0.0203125 0.04375
2 0.5 0.6515625 1 0.696875