3 0.16328125 0.03359375 0.1625 0.059375
3 0.3109375 0.60390625 0.0890625 0.065625
3 0.01484375 0.63359375 0.0296875 0.1
3 0.21484375 0.23515625 0.134375 0.078125
3 0.7515625 0.03359375 0.096875 0.065625
3 0.29609375 0.72734375 0.1484375 0.096875
3 0.3703125 0.32109375 0.103125 0.059375
3 0.321875 0.93515625 0.1703125 0.1046875
3 0.60703125 0.18125 0.134375 0.078125
3 0.3703125 0.39140625 0.1484375 0.084375
3 0.18515625 0.88359375 0.3703125 0.2328125
3 0.32578125 0.05625 0.221875 0.103125
3 0.19296875 0.48359375 0.1625 0.115625
3 0.821875 0.54765625 0.35625 0.3625
3 0.53359375 0.68359375 0.384375 0.340625
3 0.0703125 0.28515625 0.140625 0.2125