3 0.94375 0.26640625 0.1125 0.178125
3 0.40390625 0.5296875 0.084375 0.125
3 0.2375 0.10703125 0.109375 0.15625
3 0.17890625 0.30703125 0.109375 0.15625
3 0.8125 0.2703125 0.059375 0.08125
3 0.46015625 0.15546875 0.071875 0.11875
3 0.97265625 0.65546875 0.053125 0.15625
3 0.27890625 0.25546875 0.115625 0.184375
3 0.69375 0.14453125 0.1125 0.15625
3 0.18359375 0.61875 0.240625 0.215625
3 0.13515625 0.03359375 0.228125 0.065625
3 0.60859375 0.3109375 0.075 0.1484375
3 0.9875 0.18515625 0.025 0.3703125
3 0.86015625 0.45546875 0.278125 0.31875
3 0.50390625 0.0484375 0.209375 0.096875
3 0.7625 0.7890625 0.35 0.421875