3 0.49609375 0.35 0.0890625 0.059375
3 0.2515625 0.5 0.0890625 0.05
3 0.28828125 0.9703125 0.1484375 0.059375
3 0.29609375 0.74765625 0.1484375 0.1125
3 0.259375 0.12109375 0.0890625 0.059375
3 0.5703125 0.95390625 0.1625 0.0921875
3 0.30390625 0.39375 0.11875 0.053125
3 0.09609375 0.69609375 0.1625 0.109375
3 0.14453125 0.47265625 0.1109375 0.071875
3 0.2546875 0.02265625 0.15625 0.0453125
3 0.2296875 0.64609375 0.19375 0.109375
3 0.51875 0.52734375 0.134375 0.078125
3 0.140625 0.24140625 0.1625 0.109375
3 0.30703125 0.32734375 0.140625 0.078125
3 0.578125 0.73984375 0.221875 0.246875
3 0.4921875 0.10390625 0.40625 0.2078125
3 0.02578125 0.79609375 0.0515625 0.234375
3 0.78515625 0.17265625 0.4296875 0.3453125
3 0.0484375 0.42890625 0.096875 0.209375