3 0.675 0.98125 0.15 0.0375
3 0.48125 0.74375 0.25 0.1125
3 0.434375 0.65390625 0.19375 0.240625
3 0.778125 0.9875 0.19375 0.025
3 0.659375 0.50625 0.10625 0.0875
3 0.5125 0.9578125 0.125 0.084375
3 0.040625 0.5125 0.08125 0.084375
3 0.703125 0.74140625 0.20625 0.25
3 0.078125 0.57265625 0.15625 0.0796875
3 0.190625 0.72109375 0.18125 0.0921875
3 0.4625 0.82734375 0.3 0.121875
3 0.528125 0.47265625 0.10625 0.053125
3 0.9125 0.32890625 0.175 0.115625
3 0.209375 0.16640625 0.25625 0.3
3 0.871875 0.88125 0.18125 0.078125
3 0.090625 0.07890625 0.18125 0.140625
3 0.86875 0.60234375 0.25 0.453125
3 0.2 0.49140625 0.25 0.425
3 0.334375 0.94375 0.63125 0.1125
3 0.66875 0.17265625 0.6625 0.3375