3 0.921875 0.58515625 0.140625 0.071875
3 0.5 0.51484375 0.065625 0.053125
3 0.9890625 0.3875 0.021875 0.075
3 0.78125 0.39609375 0.1109375 0.059375
3 0.73671875 0.55390625 0.184375 0.1
3 0.94453125 0.12109375 0.1109375 0.059375
3 0.978125 0.4515625 0.04375 0.078125
3 0.88515625 0.92890625 0.125 0.059375
3 0.60703125 0.96640625 0.340625 0.0671875
3 0.978125 0.184375 0.04375 0.046875
3 0.53359375 0.71015625 0.340625 0.2125
3 0.9671875 0.01015625 0.065625 0.0203125
3 0.82578125 0.20625 0.184375 0.103125
3 0.79609375 0.05234375 0.2890625 0.103125
2 0.3484375 0.5 0.696875 1