3 0.72734375 0.328125 0.12109375 0.24375
3 0.51015625 0.503125 0.09609375 0.10625
3 0.26640625 0.94375 0.06640625 0.0875
3 0.9765625 0.51875 0.046875 0.1375
3 0.65234375 0.28125 0.25390625 0.2125
3 0.95625 0.359375 0.0875 0.11875
3 0.71484375 0.059375 0.0875 0.11875
3 0.7375 0.540625 0.25 0.20625
3 0.475 0.378125 0.05859375 0.10625
3 0.97890625 0.628125 0.04140625 0.20625
3 0.82265625 0.3 0.12109375 0.3
3 0.175 0.096875 0.3 0.19375
3 0.33515625 0.79375 0.1125 0.2125
3 0.87890625 0.715625 0.08359375 0.16875
3 0.4875 0.078125 0.425 0.15625
3 0.58984375 0.721875 0.4375 0.23125
3 0.07890625 0.01875 0.14140625 0.0375
3 0.9390625 0.2375 0.121875 0.475
3 0.17265625 0.56875 0.3375 0.75