3 0.36328125 0.76640625 0.1484375 0.065625
3 0.17890625 0.0984375 0.3109375 0.196875
3 0.1515625 0.96015625 0.184375 0.0796875
3 0.3703125 0.68515625 0.134375 0.078125
3 0.92578125 0.4625 0.1484375 0.134375
3 0.42578125 0.55625 0.1109375 0.078125
1 0.621875 0.25 0.1625 0.1
3 0.540625 0.95625 0.59375 0.0875
1 0.55546875 0.04609375 0.1625 0.090625
1 0.60703125 0.14140625 0.1484375 0.1
3 0.26328125 0.23984375 0.184375 0.103125
3 0.58125 0.15859375 0.8375 0.315625
3 0.159375 0.75 0.31875 0.484375
3 0.840625 0.35625 0.2 0.128125
3 0.27421875 0.47265625 0.2515625 0.1375
3 0.35234375 0.0359375 0.2890625 0.071875
3 0.76640625 0.84140625 0.465625 0.15
3 0.78515625 0.56875 0.4296875 0.2125