3 0.39765625 0.02578125 0.07890625 0.0515625
3 0.225 0.0109375 0.05859375 0.021875
3 0.72109375 0.459375 0.19140625 0.23671875
3 0.58984375 0.10703125 0.07890625 0.140625
3 0.40390625 0.2296875 0.06640625 0.11875
3 0.96640625 0.421875 0.06640625 0.2515625
3 0.45859375 0.0296875 0.075 0.059375
3 0.12734375 0.059375 0.0625 0.11875
3 0.9375 0.13671875 0.05859375 0.12578125
3 0.1875 0.03359375 0.05 0.06640625
3 0.20859375 0.19296875 0.10859375 0.19296875
3 0.05390625 0.21015625 0.1078125 0.2734375
3 0.01015625 0.040625 0.0203125 0.08125
2 0.5 0.6515625 1 0.69609375