3 0.05546875 0.8 0.1109375 0.059375
3 0.078125 0.78125 0.1109375 0.046875
3 0.00390625 0.41484375 0.00625 0.078125
3 0.0671875 0.5484375 0.134375 0.071875
3 0.08515625 0.61484375 0.1703125 0.078125
3 0.25546875 0.925 0.08125 0.0421875
3 0.23359375 0.69375 0.096875 0.053125
3 0.06328125 0.87890625 0.125 0.059375
3 0.0375 0.815625 0.075 0.046875
3 0.5484375 0.92734375 0.1484375 0.0875
3 0.22578125 0.85234375 0.140625 0.0875
3 0.459375 0.07265625 0.28125 0.1375
3 0.421875 0.95390625 0.11875 0.0671875
3 0.034375 0.98984375 0.065625 0.0203125
3 0.3484375 0.50859375 0.20625 0.1
3 0.23671875 0.25234375 0.35625 0.4875
3 0.4515625 0.70859375 0.28125 0.15
3 0.51484375 0.39375 0.275 0.1875