3 0.53125 0.81875 0.1375 0.078125
3 0.578125 0.72109375 0.11875 0.075
3 0.575 0.81484375 0.1125 0.078125
3 0.475 0.82734375 0.1375 0.0875
3 0.00625 0.8625 0.0125 0.05
3 0.515625 0.75625 0.10625 0.053125
3 0.390625 0.40859375 0.10625 0.065625
3 0.26875 0.47265625 0.1375 0.078125
3 0.784375 0.05859375 0.24375 0.115625
3 0.390625 0.96484375 0.11875 0.0625
3 0.24375 0.95234375 0.1375 0.0875
3 0.69375 0.725 0.1375 0.284375
3 0.040625 0.53984375 0.08125 0.078125
3 0.734375 0.28359375 0.29375 0.340625
3 0.353125 0.16875 0.60625 0.3375