3 0.24140625 0.040625 0.05859375 0.08125
3 0.05625 0.2890625 0.1125 0.2515625
3 0.40625 0.05546875 0.07890625 0.1109375
3 0.75390625 0.0296875 0.48359375 0.059375
3 0.41640625 0.3 0.075 0.140625
3 0.46796875 0.06640625 0.0796875 0.1328125
3 0.95390625 0.2 0.06640625 0.13359375
3 0.5625 0.33671875 0.10859375 0.2296875
3 0.1375 0.09296875 0.06640625 0.18515625
3 0.20234375 0.07421875 0.05390625 0.11875
3 0.01875 0.0890625 0.0375 0.11875
3 0.00859375 0.02578125 0.01640625 0.0515625
3 0.22109375 0.259375 0.11640625 0.178125
2 0.5 0.65546875 1 0.6890625