1 0.640625 0.4375 0.1703125 0.075
3 0.63671875 0.43515625 0.1625 0.071875
3 0.07421875 0.74140625 0.1484375 0.125
3 0.59296875 0.64765625 0.11875 0.078125
1 0.39921875 0.9515625 0.1328125 0.096875
3 0.640625 0.52265625 0.125 0.078125
3 0.11015625 0.04765625 0.2078125 0.0953125
3 0.44453125 0.9390625 0.8890625 0.121875
3 0.765625 0.9578125 0.215625 0.084375
3 0.5921875 0.14140625 0.784375 0.2828125
3 0.87421875 0.34765625 0.2515625 0.6953125
3 0.16640625 0.85625 0.2 0.1296875
3 0.74453125 0.72890625 0.259375 0.1421875
3 0.2109375 0.63359375 0.421875 0.2171875
3 0.25546875 0.3625 0.5109375 0.165625