3 0.9515625 0.43359375 0.096875 0.115625
1 0.54453125 0.62890625 0.15625 0.090625
1 0.31484375 0.27734375 0.1703125 0.096875
3 0.36640625 0.93984375 0.1109375 0.078125
1 0.32578125 0.13515625 0.221875 0.1375
1 0.459375 0.42265625 0.1484375 0.0875
1 0.51875 0.52265625 0.1625 0.1125
3 0.1296875 0.96484375 0.259375 0.0703125
3 0.559375 0.34609375 0.88125 0.690625
3 0.19296875 0.62890625 0.19375 0.109375
3 0.9 0.1 0.2 0.2
3 0.7640625 0.92109375 0.415625 0.1578125
3 0.77421875 0.73359375 0.215625 0.134375
3 0.26328125 0.36875 0.275 0.171875
3 0.20703125 0.86015625 0.2515625 0.146875