3 0.240625 0.97734375 0.059375 0.0453125
3 0.09375 0.5296875 0.07890625 0.140625
3 0.40625 0.95546875 0.07890625 0.0890625
3 0.75390625 0.8296875 0.48359375 0.340625
3 0.325 0.86328125 0.05859375 0.09609375
3 0.46875 0.98125 0.07890625 0.03671875
3 0.9390625 0.62890625 0.121875 0.3265625
3 0.525 0.74453125 0.11640625 0.2296875
3 0.16875 0.859375 0.09609375 0.16328125
3 0.13671875 0.97734375 0.0671875 0.0453125
3 0.00859375 0.89609375 0.01640625 0.20703125
3 0.06640625 0.659375 0.075 0.13359375
3 0.3125 0.62578125 0.16640625 0.31875
3 0.63515625 0.56328125 0.19609375 0.29609375