3 0.6 0.10390625 0.08359375 0.13359375
3 0.55859375 0.28125 0.10859375 0.20703125
3 0.39765625 0.02578125 0.07890625 0.0515625
3 0.94140625 0.1484375 0.06640625 0.13359375
3 0.128125 0.06640625 0.065625 0.1328125
3 0.96875 0.4296875 0.0625 0.2515625
3 0.4625 0.03359375 0.075 0.06640625
3 0.40390625 0.240625 0.06640625 0.140625
3 0.18984375 0.03359375 0.05390625 0.06640625
3 0.0125 0.040625 0.025 0.08125
3 0.05390625 0.2140625 0.1078125 0.265625
3 0.21015625 0.19609375 0.10390625 0.18515625
2 0.5 0.6515625 1 0.69609375