3 0.32578125 0.21015625 0.075 0.053125
3 0.16328125 0.03984375 0.178125 0.071875
1 0.62578125 0.09765625 0.15625 0.0875
3 0.36328125 0.32734375 0.134375 0.0625
3 0.74453125 0.03359375 0.096875 0.065625
3 0.1890625 0.48984375 0.15625 0.1125
3 0.60703125 0.1875 0.134375 0.084375
3 0.321875 0.0625 0.215625 0.115625
3 0.17421875 0.88515625 0.3484375 0.2296875
3 0.29609375 0.73515625 0.1625 0.0875
3 0.31875 0.93515625 0.178125 0.1125
3 0.36640625 0.39609375 0.140625 0.084375
3 0.821875 0.55390625 0.35625 0.359375
3 0.53359375 0.6875 0.384375 0.334375
3 0.07421875 0.29140625 0.1484375 0.215625