3 0.69140625 0.48515625 0.059375 0.1109375
3 0.54375 0.22578125 0.053125 0.096875
3 0.06875 0.26640625 0.128125 0.178125
3 0.73984375 0.59609375 0.121875 0.184375
3 0.56640625 0.1296875 0.075 0.125
3 0.91875 0.2515625 0.053125 0.0890625
3 0.51875 0.4890625 0.078125 0.134375
3 0.08359375 0.55546875 0.109375 0.1484375
3 0.35078125 0.08125 0.1078125 0.1625
3 0.80234375 0.1296875 0.1125 0.15625
3 0.4 0.21484375 0.115625 0.19375
3 0.30234375 0.27421875 0.103125 0.178125
3 0.64765625 0.28515625 0.053125 0.08125
3 0.7125 0.29296875 0.075 0.125
3 0.99609375 0.24765625 0.0078125 0.1546875
3 0.26484375 0.56328125 0.146875 0.221875
3 0.91640625 0.44453125 0.165625 0.3109375
3 0.24609375 0.0109375 0.25 0.021875
3 0.61953125 0.03671875 0.2046875 0.0734375
3 0.85 0.7703125 0.3 0.459375