3 0.94765625 0.81484375 0.103125 0.2375
3 0.95 0.01875 0.1 0.0375
3 0.13515625 0.46640625 0.103125 0.178125
1 0.65859375 0.59296875 0.115625 0.1625
1 0.79765625 0.6 0.096875 0.1625
1 0.99609375 0.41484375 0.0078125 0.1484375
3 0.62890625 0.4296875 0.740625 0.859375
1 0.94609375 0.459375 0.084375 0.134375
3 0.18515625 0.68125 0.353125 0.3109375
3 0.27734375 0.12578125 0.2875 0.2515625
3 0.54140625 0.08515625 0.334375 0.1703125
3 0.87734375 0.66640625 0.178125 0.28125
3 0.28359375 0.87421875 0.559375 0.2515625