3 0.63671875 0.42109375 0.178125 0.065625
3 0.59296875 0.63515625 0.11875 0.078125
3 0.059375 0.72734375 0.11875 0.128125
3 0.1109375 0.04375 0.20625 0.0875
1 0.39609375 0.94140625 0.15625 0.0921875
3 0.63671875 0.50625 0.11875 0.0875
3 0.43671875 0.9328125 0.8734375 0.134375
3 0.5890625 0.1375 0.79375 0.275
3 0.75546875 0.94140625 0.20625 0.1171875
3 0.26328125 0.34765625 0.525 0.171875
3 0.8625 0.3453125 0.275 0.690625
3 0.1703125 0.8375 0.20625 0.134375
3 0.74453125 0.71640625 0.259375 0.1421875
3 0.21875 0.62734375 0.4375 0.2125