3 0.3375 0.59375 0.1375 0.078125
3 0.690625 0.38984375 0.16875 0.221875
3 0.784375 0.83359375 0.33125 0.325
3 0.078125 0.8625 0.15625 0.115625
3 0.35625 0.475 0.1375 0.075
3 0.728125 0.22109375 0.25625 0.115625
3 0.934375 0.0375 0.11875 0.075
3 0.30625 0.52734375 0.1 0.078125
3 0.253125 0.0875 0.10625 0.1
3 0.315625 0.94765625 0.25625 0.096875
3 0.7875 0.07890625 0.125 0.090625
3 0.46875 0.32109375 0.1625 0.090625
3 0.809375 0.56484375 0.11875 0.0625
3 0.93125 0.24375 0.125 0.3625
3 0.5 0.85859375 0.25 0.265625
3 0.471875 0.55625 0.23125 0.4125
3 0.6125 0.07734375 0.6125 0.153125