3 0.36328125 0.93984375 0.11875 0.078125
1 0.540625 0.62890625 0.1484375 0.090625
1 0.33359375 0.1375 0.2375 0.140625
1 0.31875 0.27890625 0.178125 0.1
1 0.51484375 0.525 0.15625 0.109375
1 0.45546875 0.42109375 0.15625 0.1
3 0.1296875 0.96484375 0.259375 0.0703125
3 0.559375 0.34609375 0.88125 0.690625
3 0.7640625 0.92109375 0.415625 0.1578125
3 0.1890625 0.62890625 0.2 0.109375
3 0.9 0.10234375 0.2 0.203125
3 0.77421875 0.73515625 0.215625 0.1375
3 0.259375 0.36875 0.28125 0.171875
3 0.20703125 0.86015625 0.2515625 0.146875