3 0.86015625 0.140625 0.103125 0.1625
3 0.00859375 0.30390625 0.015625 0.19375
3 0.92109375 0.3515625 0.125 0.15625
3 0.10234375 0.6703125 0.0875 0.140625
3 0.66484375 0.2890625 0.0625 0.0890625
3 0.63515625 0.18515625 0.071875 0.134375
3 0.8125 0.259375 0.109375 0.221875
3 0.55234375 0.34453125 0.053125 0.08125
3 0.20390625 0.47421875 0.334375 0.340625
3 0.15625 0.27421875 0.096875 0.178125
3 0.89375 0.66640625 0.203125 0.20625
3 0.69140625 0.559375 0.084375 0.140625
3 0.39375 0.1703125 0.1125 0.1625
3 0.48359375 0.34453125 0.084375 0.15625
3 0.05390625 0.2 0.1078125 0.4
3 0.9265625 0.0625 0.146875 0.125
3 0.325 0.80703125 0.35 0.384375
3 0.58984375 0.05546875 0.2125 0.1109375