3 0.778125 0.825 0.36875 0.325
3 0.484375 0.2375 0.09375 0.05
3 0.06875 0.86015625 0.1375 0.121875
3 0.91875 0.24609375 0.15 0.384375
3 0.7 0.21875 0.25 0.1125
3 0.24375 0.08984375 0.1 0.096875
3 0.275 0.52734375 0.125 0.078125
3 0.78125 0.57265625 0.0875 0.053125
3 0.284375 0.92890625 0.23125 0.134375
3 0.76875 0.07890625 0.125 0.1
3 0.440625 0.325 0.15625 0.090625
3 0.684375 0.39140625 0.18125 0.25
3 0.3375 0.47265625 0.1375 0.071875
3 0.471875 0.85625 0.25625 0.2625
3 0.453125 0.55390625 0.23125 0.434375
3 0.590625 0.08125 0.63125 0.1625