3 0.225 0.9890625 0.06640625 0.021875
3 0.32734375 0.87421875 0.05390625 0.10390625
3 0.41015625 0.9703125 0.0875 0.059375
3 0.24296875 0.97734375 0.0546875 0.0453125
3 0.75 0.8296875 0.49140625 0.340625
3 0.52890625 0.7515625 0.125 0.21484375
3 0.471875 0.97734375 0.078125 0.0453125
3 0.00859375 0.9109375 0.01640625 0.178125
3 0.16875 0.87421875 0.0875 0.16328125
3 0.07109375 0.67421875 0.075 0.13359375
3 0.94140625 0.62578125 0.11640625 0.31875
3 0.3125 0.63671875 0.16640625 0.3109375
3 0.63359375 0.56640625 0.2 0.2890625