1 0.86484375 0.678125 0.1375 0.2296875
3 0.0625 0.64453125 0.075 0.10390625
1 0.72265625 0.69296875 0.09609375 0.1703125
1 0.575 0.54453125 0.1 0.15546875
1 0.37109375 0.46328125 0.09140625 0.12578125
1 0.47734375 0.4890625 0.09609375 0.1484375
3 0.03125 0.87421875 0.0625 0.23671875
3 0.6515625 0.44453125 0.696875 0.8890625
3 0.37109375 0.81484375 0.10859375 0.19296875
3 0.90390625 0.1109375 0.19140625 0.221875
3 0.08125 0.2515625 0.1625 0.4
3 0.26640625 0.22578125 0.13359375 0.2
3 0.63515625 0.74453125 0.17109375 0.27421875
3 0.13984375 0.8 0.14609375 0.2515625