3 0.35 0.49609375 0.05859375 0.0890625
3 0.5 0.2515625 0.05 0.0890625
3 0.9703125 0.28828125 0.059375 0.1484375
3 0.74765625 0.29609375 0.1125 0.1484375
3 0.12109375 0.259375 0.05859375 0.0890625
3 0.95390625 0.5703125 0.09140625 0.16328125
3 0.39375 0.30390625 0.05390625 0.11875
3 0.69609375 0.09609375 0.10859375 0.16328125
3 0.47265625 0.14453125 0.07109375 0.1109375
3 0.02265625 0.2546875 0.0453125 0.15625
3 0.64609375 0.2296875 0.10859375 0.19296875
3 0.52734375 0.51875 0.07890625 0.13359375
3 0.24140625 0.140625 0.10859375 0.16328125
3 0.32734375 0.30703125 0.07890625 0.140625
3 0.73984375 0.578125 0.24609375 0.221875
3 0.10390625 0.4921875 0.2078125 0.40625
3 0.79609375 0.02578125 0.23359375 0.0515625
3 0.17265625 0.78515625 0.3453125 0.4296875
3 0.42890625 0.0484375 0.20859375 0.09609375