3 0.81015625 0.88515625 0.3625 0.2296875
3 0.95625 0.4 0.0875 0.28125
1 0.39140625 0.63671875 0.08359375 0.1484375
1 0.04140625 0.4109375 0.0828125 0.140625
1 0.52734375 0.621875 0.12890625 0.19296875
1 0.15234375 0.42578125 0.09609375 0.15546875
3 0.90625 0.6890625 0.1875 0.28125
1 0.24609375 0.4890625 0.09140625 0.1484375
3 0.04609375 0.76328125 0.09140625 0.19296875
3 0.44140625 0.44453125 0.8828125 0.8890625
3 0.8875 0.140625 0.225 0.28125
3 0.64140625 0.1 0.33359375 0.2
3 0.00234375 0.1890625 0.00390625 0.2296875
3 0.31015625 0.69609375 0.1875 0.3109375