3 0.275 0.11484375 0.06640625 0.12578125
3 0.33359375 0.45546875 0.075 0.12578125
3 0.17890625 0.25546875 0.10859375 0.12578125
3 0.48984375 0.059375 0.09609375 0.11875
3 0.54609375 0.23359375 0.10859375 0.15546875
3 0.11875 0.56328125 0.10390625 0.221875
3 0.7640625 0.0703125 0.471875 0.140625
3 0.44765625 0.16328125 0.1125 0.221875
3 0.13515625 0.25546875 0.07109375 0.12578125
3 0.53984375 0.50390625 0.2125 0.221875
3 0.05 0.10390625 0.1 0.1484375
3 0.01015625 0.4328125 0.0203125 0.31875
3 0.23359375 0.0296875 0.2 0.059375
3 0.07734375 0.76640625 0.15390625 0.46640625