3 0.36640625 0.46875 0.1703125 0.071875
3 0.93359375 0.7703125 0.1328125 0.134375
3 0.4109375 0.67890625 0.1109375 0.084375
3 0.36328125 0.55 0.11875 0.084375
1 0.60390625 0.96875 0.140625 0.0625
3 0.2484375 0.97265625 0.184375 0.0546875
3 0.89296875 0.0640625 0.2140625 0.128125
3 0.55234375 0.9578125 0.8953125 0.084375
3 0.1484375 0.36640625 0.28125 0.715625
3 0.8296875 0.88125 0.20625 0.121875
3 0.7484375 0.39375 0.503125 0.1625
3 0.78125 0.66484375 0.4375 0.2296875
3 0.25546875 0.75859375 0.259375 0.1421875
3 0.4046875 0.15390625 0.778125 0.3078125