3 0.821875 0.17109375 0.059375 0.05
3 0.66328125 0.2375 0.3484375 0.259375
3 0.5515625 0.10625 0.08125 0.0375
3 0.8109375 0.62265625 0.15625 0.121875
3 0.31875 0.73359375 0.103125 0.075
3 0.5640625 0.02890625 0.103125 0.0578125
3 0.79296875 0.39765625 0.1484375 0.096875
3 0.91484375 0.14375 0.125 0.0625
3 0.57421875 0.19765625 0.125 0.071875
3 0.759375 0.07265625 0.08125 0.053125
3 0.9515625 0.35859375 0.096875 0.1
3 0.84453125 0.30390625 0.178125 0.109375
3 0.50390625 0.39375 0.11875 0.196875
3 0.15546875 0.62109375 0.0890625 0.075
3 0.415625 0.9078125 0.534375 0.184375
3 0.7515625 0.02109375 0.140625 0.040625
3 0.940625 0.69765625 0.11875 0.596875
3 0.240625 0.00859375 0.48125 0.015625
3 0.98125 0.10234375 0.0375 0.196875