3 0.79296875 0.2625 0.1484375 0.084375
3 0.68515625 0.24140625 0.096875 0.059375
3 0.93359375 0.0234375 0.1328125 0.046875
3 0.29609375 0.81640625 0.1484375 0.090625
3 0.81875 0.51484375 0.15625 0.121875
3 0.27421875 0.05234375 0.11875 0.103125
3 0.63671875 0.42265625 0.1484375 0.0875
3 0.68515625 0.07734375 0.215625 0.128125
3 0.39296875 0.21484375 0.1484375 0.078125
3 0.6703125 0.95390625 0.184375 0.0921875
3 0.8515625 0.89765625 0.296875 0.2046875
3 0.178125 0.57734375 0.35625 0.3625
3 0.93359375 0.3171875 0.1328125 0.209375
3 0.50703125 0.7125 0.31875 0.334375