3 0.88984375 0.55546875 0.1125 0.1484375
3 0.24765625 0.5703125 0.09609375 0.16328125
3 0.6265625 0.08125 0.103125 0.1625
3 0.41015625 0.1296875 0.07109375 0.140625
3 0.84140625 0.0890625 0.3 0.178125
3 0.68359375 0.26328125 0.10859375 0.1703125
3 0.925 0.2515625 0.11640625 0.16328125
3 0.58125 0.2109375 0.1125 0.2
3 0.675 0.56328125 0.23359375 0.20703125
3 0.46484375 0.49296875 0.07890625 0.140625
3 0.18125 0.1296875 0.1125 0.15546875
3 0.26875 0.28515625 0.07890625 0.140625
3 0.075 0.440625 0.15 0.30390625
3 0.73125 0.01875 0.22890625 0.03671875
3 0.3640625 0.03671875 0.203125 0.0734375
3 0.14375 0.77421875 0.2875 0.4515625