3 0.06015625 0.63671875 0.07890625 0.11875
1 0.86484375 0.66328125 0.14609375 0.24453125
1 0.71484375 0.68125 0.09609375 0.178125
1 0.37265625 0.45546875 0.0875 0.140625
1 0.575 0.53671875 0.09140625 0.15546875
1 0.475 0.478125 0.10859375 0.15546875
3 0.0375 0.87421875 0.075 0.2515625
3 0.65390625 0.440625 0.69140625 0.88125
3 0.37109375 0.80703125 0.10859375 0.19296875
3 0.9 0.1 0.2 0.2
3 0.63125 0.73359375 0.17109375 0.28125
3 0.07890625 0.2359375 0.1578125 0.415625
3 0.26484375 0.221875 0.1375 0.20703125
3 0.13984375 0.78515625 0.14609375 0.2515625