3 0.925 0.56328125 0.125 0.23671875
3 0.68984375 0.60703125 0.1625 0.10390625
3 0.47265625 0.24453125 0.05390625 0.0890625
3 0.44609375 0.13671875 0.06640625 0.1109375
3 0.71875 0.27421875 0.1125 0.178125
3 0.61484375 0.2109375 0.1125 0.18515625
3 0.9515625 0.27734375 0.096875 0.1703125
3 0.5 0.5 0.075 0.12578125
3 0.75 0.56328125 0.15859375 0.221875
3 0.00859375 0.2515625 0.01640625 0.16328125
3 0.30234375 0.3 0.07890625 0.140625
3 0.2125 0.13359375 0.10859375 0.1484375
3 0.09375 0.44453125 0.1875 0.3109375
3 0.4 0.04453125 0.2 0.0890625
3 0.76796875 0.021875 0.2453125 0.04375
3 0.1625 0.78515625 0.325 0.4296875