3 0.65 0.5515625 0.08359375 0.140625
3 0.59609375 0.16640625 0.075 0.12578125
3 0.62265625 0.278125 0.05390625 0.06640625
3 0.77265625 0.2515625 0.12890625 0.20703125
3 0.06484375 0.659375 0.07890625 0.16328125
3 0.5125 0.3296875 0.05859375 0.08125
3 0.87109375 0.63671875 0.24140625 0.20703125
3 0.44375 0.321875 0.07890625 0.140625
3 0.10859375 0.27421875 0.10859375 0.16328125
3 0.82109375 0.1296875 0.10859375 0.15546875
3 0.35625 0.16328125 0.1125 0.16328125
3 0.16875 0.459375 0.3375 0.32578125
3 0.0375 0.1484375 0.075 0.29609375
3 0.90390625 0.04453125 0.18359375 0.0890625
3 0.54921875 0.0515625 0.2078125 0.103125
3 0.29140625 0.8 0.35859375 0.4