3 0.3109375 0.03515625 0.1625 0.0625
3 0.3109375 0.5875 0.11875 0.059375
3 0.2515625 0.32890625 0.19375 0.125
3 0.29296875 0.23984375 0.15625 0.1125
3 0.1 0.28125 0.15625 0.103125
3 0.1515625 0.51015625 0.1109375 0.0625
3 0.65859375 0.99609375 0.1484375 0.0078125
3 0.60390625 0.24375 0.1703125 0.228125
3 0.5953125 0.0359375 0.125 0.071875
3 0.51875 0.45625 0.134375 0.078125
3 0.26328125 0.96640625 0.15625 0.0671875
3 0.3109375 0.65625 0.1484375 0.0875
3 0.14453125 0.74375 0.15625 0.1125
3 0.4515625 0.88515625 0.3109375 0.228125
3 0.01875 0.18359375 0.0375 0.240625
3 0.7921875 0.815625 0.415625 0.346875
3 0.04453125 0.56015625 0.0890625 0.2046875