3 0.14375 0.26328125 0.05390625 0.06640625
3 0.26484375 0.13671875 0.1125 0.15546875
3 0.9640625 0.61015625 0.071875 0.1859375
3 0.49765625 0.14453125 0.07109375 0.1109375
3 0.00859375 0.6515625 0.01640625 0.13359375
3 0.775 0.29609375 0.11640625 0.16328125
3 0.67734375 0.23359375 0.12109375 0.18515625
3 0.72265625 0.10703125 0.10390625 0.15546875
3 0.41875 0.3109375 0.05390625 0.11875
3 0.0375 0.25546875 0.075 0.15546875
3 0.55390625 0.52578125 0.08359375 0.13359375
3 0.35390625 0.30390625 0.08359375 0.13359375
3 0.77109375 0.6 0.24140625 0.221875
3 0.19296875 0.7921875 0.3546875 0.415625
3 0.82265625 0.02578125 0.2375 0.0515625
3 0.11875 0.4484375 0.2375 0.31875
3 0.45 0.04453125 0.2 0.0890625