3 0.97734375 0.759375 0.0453125 0.059375
3 0.5296875 0.90625 0.140625 0.078125
3 0.95546875 0.59375 0.0890625 0.078125
3 0.8296875 0.24609375 0.340625 0.484375
3 0.86328125 0.675 0.096875 0.059375
3 0.98125 0.53125 0.0375 0.078125
3 0.62890625 0.0609375 0.3265625 0.121875
3 0.74453125 0.475 0.2296875 0.115625
3 0.859375 0.83125 0.1625 0.096875
3 0.97734375 0.86328125 0.0453125 0.0671875
3 0.89609375 0.99140625 0.20625 0.0171875
3 0.659375 0.93359375 0.134375 0.075
3 0.62578125 0.6875 0.31875 0.165625
3 0.56328125 0.36484375 0.296875 0.196875