3 0.50390625 0.03984375 0.178125 0.078125
1 0.5890625 0.99140625 0.15625 0.0171875
1 0.39609375 0.54375 0.184375 0.1375
1 0.521875 0.82890625 0.15625 0.1
1 0.39296875 0.68359375 0.221875 0.109375
1 0.578125 0.92734375 0.1484375 0.096875
3 0.32578125 0.13125 0.265625 0.2625
3 0.56328125 0.57109375 0.8734375 0.8578125
3 0.2515625 0.9875 0.20625 0.025
3 0.878125 0.16953125 0.24375 0.2796875
3 0.90390625 0.4234375 0.1921875 0.346875
3 0.121875 0.225 0.2296875 0.45
3 0.321875 0.76484375 0.2890625 0.178125