3 0.48515625 0.040625 0.1125 0.08125
3 0.07109375 0.078125 0.125 0.15546875
1 0.77265625 0.65546875 0.12109375 0.1703125
3 0.00859375 0.61484375 0.01640625 0.11875
1 0.29140625 0.440625 0.09140625 0.15546875
1 0.39609375 0.4703125 0.10859375 0.140625
1 0.63984375 0.6703125 0.09609375 0.18515625
1 0.49375 0.5296875 0.0875 0.140625
3 0.29609375 0.79609375 0.1 0.18515625
3 0.60390625 0.45546875 0.79140625 0.9109375
3 0.8625 0.1296875 0.275 0.259375
3 0.18984375 0.20703125 0.12890625 0.20703125
3 0.55390625 0.7296875 0.175 0.2890625
3 0.06484375 0.778125 0.12890625 0.23671875
3 0.03984375 0.2296875 0.07890625 0.4296875