3 0.73671875 0.14375 0.065625 0.053125
3 0.86328125 0.26484375 0.15625 0.1125
3 0.38984375 0.9640625 0.1859375 0.071875
3 0.85546875 0.49765625 0.1109375 0.071875
3 0.3484375 0.00859375 0.134375 0.015625
3 0.70390625 0.775 0.1625 0.1171875
3 0.76640625 0.67734375 0.184375 0.121875
3 0.89296875 0.72265625 0.15625 0.1046875
3 0.6890625 0.41875 0.11875 0.053125
3 0.74453125 0.0375 0.15625 0.075
3 0.47421875 0.55390625 0.134375 0.084375
3 0.69609375 0.35390625 0.134375 0.084375
3 0.4 0.77109375 0.221875 0.240625
3 0.2078125 0.19296875 0.415625 0.3546875
3 0.97421875 0.82265625 0.0515625 0.2375
3 0.5515625 0.11875 0.31875 0.2375
3 0.95546875 0.45 0.0890625 0.2