3 0.725 0.68984375 0.2125 0.103125
3 0.078125 0.13984375 0.14375 0.1125
3 0.76875 0.14765625 0.25 0.271875
3 0.253125 0.9125 0.10625 0.1
3 0.690625 0.61015625 0.16875 0.221875
3 0.725 0.77734375 0.25 0.1125
3 0.3375 0.40625 0.1375 0.078125
3 0.359375 0.52734375 0.14375 0.078125
3 0.309375 0.07109375 0.24375 0.134375
3 0.309375 0.47265625 0.10625 0.078125
3 0.934375 0.9640625 0.11875 0.071875
3 0.7875 0.92265625 0.125 0.096875
3 0.809375 0.43125 0.11875 0.0625
3 0.46875 0.67734375 0.1625 0.096875
3 0.925 0.75390625 0.1375 0.359375
3 0.49375 0.14140625 0.25 0.265625
3 0.46875 0.44609375 0.225 0.409375
3 0.615625 0.9203125 0.61875 0.159375