3 0.68359375 0.771875 0.10859375 0.19375
3 0.40625 0.33125 0.07890625 0.15
3 0.07265625 0.309375 0.1375 0.23125
3 0.47265625 0.290625 0.07890625 0.10625
3 0.77890625 0.728125 0.125 0.25625
3 0.16640625 0.790625 0.325 0.34375
3 0.13984375 0.08125 0.1125 0.15
3 0.60859375 0.690625 0.23359375 0.18125
3 0.525 0.3625 0.075 0.1375
3 0.9640625 0.934375 0.071875 0.11875
3 0.92109375 0.784375 0.09140625 0.13125
3 0.43359375 0.8125 0.05859375 0.1125
3 0.675 0.46875 0.09140625 0.1625
3 0.75625 0.928125 0.37109375 0.13125
3 0.14140625 0.496875 0.26640625 0.25625
3 0.44609375 0.475 0.41640625 0.2375
3 0.9203125 0.615625 0.159375 0.61875