3 0.040625 0.75859375 0.08125 0.059375
3 0.2890625 0.94375 0.2515625 0.1125
3 0.05546875 0.59375 0.1109375 0.0796875
3 0.0296875 0.24609375 0.059375 0.484375
3 0.3 0.58359375 0.140625 0.075
3 0.06640625 0.53203125 0.1328125 0.0796875
3 0.2 0.04609375 0.134375 0.065625
3 0.33671875 0.4375 0.2296875 0.109375
3 0.09296875 0.8625 0.184375 0.065625
3 0.07421875 0.79765625 0.11875 0.053125
3 0.0890625 0.98125 0.11875 0.0375
3 0.02578125 0.99140625 0.0515625 0.0171875
3 0.259375 0.77890625 0.178125 0.1171875
2 0.65546875 0.5 0.6890625 1