3 0.43359375 0.66015625 0.1109375 0.078125
3 0.94453125 0.79765625 0.1109375 0.0625
3 0.7515625 0.925 0.096875 0.0421875
3 0.91796875 0.6171875 0.1640625 0.075
3 0.92578125 0.78125 0.103125 0.046875
3 0.93671875 0.54765625 0.125 0.078125
3 0.77421875 0.69375 0.096875 0.053125
3 0.940625 0.88125 0.11875 0.053125
3 0.45546875 0.92890625 0.140625 0.084375
3 0.9625 0.8171875 0.075 0.040625
3 0.55546875 0.07265625 0.3109375 0.1375
3 0.778125 0.85390625 0.1484375 0.084375
3 0.58515625 0.95390625 0.11875 0.0671875
3 0.778125 0.24765625 0.3703125 0.4875
3 0.9703125 0.99140625 0.059375 0.0171875
3 0.659375 0.50625 0.20625 0.103125
3 0.55546875 0.70625 0.28125 0.153125
3 0.4890625 0.39140625 0.28125 0.190625