3 0.93671875 0.24609375 0.125 0.125
3 0.35546875 0.55 0.1625 0.065625
1 0.5890625 0.03984375 0.15625 0.078125
3 0.4109375 0.3375 0.1109375 0.075
3 0.35546875 0.46640625 0.11875 0.084375
3 0.89296875 0.9421875 0.2140625 0.115625
3 0.56328125 0.053125 0.8734375 0.103125
3 0.25234375 0.0421875 0.2078125 0.084375
3 0.1375 0.64375 0.275 0.7125
3 0.8296875 0.13515625 0.20625 0.1375
3 0.39609375 0.85390625 0.778125 0.2921875
3 0.7890625 0.35234375 0.421875 0.221875
3 0.74453125 0.625 0.5109375 0.1671875
3 0.25546875 0.26015625 0.259375 0.146875