1 0.72109375 0.69609375 0.09140625 0.19296875
1 0.86484375 0.7 0.1375 0.1703125
3 0.05859375 0.64453125 0.075 0.11875
1 0.575 0.540625 0.10859375 0.16328125
1 0.37265625 0.46328125 0.0875 0.12578125
1 0.47734375 0.49296875 0.09609375 0.140625
3 0.02890625 0.8734375 0.0578125 0.2375
3 0.65 0.4484375 0.7 0.88125
3 0.36875 0.81875 0.10390625 0.1703125
3 0.9 0.11875 0.2 0.23671875
3 0.26640625 0.22578125 0.13359375 0.2
3 0.08125 0.2515625 0.1625 0.4
3 0.63515625 0.7515625 0.17109375 0.27421875
3 0.1375 0.80390625 0.15 0.259375