3 0.74375 0.225 0.12109375 0.2125
3 0.67265625 0.140625 0.2375 0.18125
3 0.53125 0.384375 0.09609375 0.10625
3 0.98515625 0.390625 0.02890625 0.13125
3 0.2875 0.828125 0.06640625 0.10625
3 0.49609375 0.25 0.05859375 0.1
3 0.19609375 0.03125 0.28359375 0.0625
3 0.96640625 0.23125 0.06640625 0.125
3 0.75859375 0.41875 0.25 0.2
3 0.9890625 0.509375 0.021875 0.21875
3 0.8375 0.18125 0.11640625 0.3
3 0.89765625 0.5875 0.07890625 0.1625
3 0.35390625 0.665625 0.10859375 0.20625
3 0.61484375 0.59375 0.42890625 0.2375
3 0.51015625 0.01875 0.42890625 0.0375
3 0.94765625 0.18125 0.10390625 0.3625
3 0.18359375 0.43125 0.35 0.7125