3 0.8890625 0.23125 0.134375 0.071875
3 0.94453125 0.44375 0.1109375 0.096875
3 0.79609375 0.72109375 0.184375 0.125
3 0.78515625 0.48984375 0.1625 0.103125
3 0.28515625 0.825 0.125 0.084375
3 0.56328125 0.28359375 0.11875 0.075
3 0.83359375 0.39609375 0.184375 0.115625
3 0.74453125 0.15625 0.096875 0.053125
3 0.9296875 0.73984375 0.140625 0.496875
3 0.5109375 0.50859375 0.20625 0.175
3 0.38203125 0.9515625 0.5265625 0.096875
3 0.89609375 0.02734375 0.1625 0.053125
3 0.74453125 0.0875 0.140625 0.084375
3 0.97421875 0.18359375 0.0515625 0.2
3 0.240625 0.05390625 0.48125 0.1078125