3 0.20859375 0.2703125 0.05859375 0.06640625
3 0.5625 0.16328125 0.075 0.13359375
3 0.03515625 0.6625 0.0703125 0.15625
3 0.48125 0.31484375 0.05390625 0.08125
3 0.0875 0.26640625 0.1 0.16328125
3 0.61640625 0.53671875 0.08359375 0.140625
3 0.78984375 0.11484375 0.1125 0.15546875
3 0.4125 0.31875 0.075 0.13359375
3 0.32734375 0.159375 0.1125 0.1703125
3 0.8375 0.621875 0.25 0.221875
3 0.02265625 0.14765625 0.0453125 0.2953125
3 0.15 0.45546875 0.3 0.31875
3 0.25859375 0.79609375 0.35859375 0.40703125
3 0.8890625 0.0296875 0.221875 0.059375
3 0.5125 0.0484375 0.2 0.09609375