3 0.7375 0.20703125 0.08359375 0.1484375
3 0.75859375 0.31484375 0.05859375 0.09609375
3 0.9765625 0.06640625 0.046875 0.1328125
3 0.18359375 0.70390625 0.09140625 0.1484375
3 0.48515625 0.18125 0.12109375 0.15546875
3 0.94765625 0.72578125 0.10390625 0.11875
3 0.57734375 0.36328125 0.0875 0.1484375
3 0.92265625 0.31484375 0.12890625 0.21484375
3 0.78515625 0.60703125 0.07890625 0.1484375
3 0.04609375 0.3296875 0.09140625 0.18515625
3 0.10234375 0.1484375 0.20390625 0.29609375
3 0.42265625 0.821875 0.3625 0.35546875
3 0.6828125 0.06640625 0.209375 0.1328125
3 0.2875 0.49296875 0.33359375 0.31875