3 0.83359375 0.41015625 0.125 0.078125
3 0.67421875 0.51015625 0.103125 0.0875
3 0.72578125 0.77109375 0.075 0.059375
3 0.678125 0.13125 0.184375 0.121875
3 0.4515625 0.35859375 0.1484375 0.084375
3 0.721875 0.38359375 0.065625 0.05
3 0.540625 0.30859375 0.35625 0.340625
3 0.740625 0.23359375 0.19375 0.125
3 0.88125 0.17890625 0.1484375 0.109375
3 0.72578125 0.89375 0.178125 0.096875
3 0.678125 0.56015625 0.140625 0.078125
3 0.96328125 0.103125 0.0734375 0.196875
3 0.359375 0.1375 0.2 0.25
3 0.84453125 0.65234375 0.1484375 0.1125
3 0.840625 0.9625 0.31875 0.075
3 0.540625 0.83515625 0.3109375 0.328125
3 0.9484375 0.45625 0.103125 0.2125
3 0.2 0.71640625 0.4 0.359375