3 0.34609375 0.4484375 0.08359375 0.12578125
3 0.3875 0.92578125 0.075 0.1484375
3 0.22109375 0.93671875 0.05 0.1109375
3 0.07734375 0.76640625 0.04609375 0.1109375
3 0.1203125 0.94765625 0.059375 0.1046875
3 0.45234375 0.940625 0.07890625 0.11875
3 0.075 0.46328125 0.08359375 0.140625
3 0.30859375 0.78125 0.05859375 0.09609375
3 0.18515625 0.9703125 0.04609375 0.059375
3 0.92734375 0.559375 0.1375 0.2890625
3 0.15 0.78515625 0.08359375 0.1484375
3 0.04765625 0.59296875 0.07109375 0.13359375
3 0.01015625 0.97421875 0.0203125 0.0515625
3 0.75625 0.79296875 0.47890625 0.38515625
3 0.49765625 0.6703125 0.10390625 0.21484375
3 0.29375 0.56640625 0.15390625 0.2890625
3 0.61015625 0.49609375 0.19609375 0.29609375