3 0.18515625 0.6125 0.1484375 0.1171875
3 0.51484375 0.0125 0.184375 0.025
3 0.178125 0.97890625 0.1484375 0.0421875
3 0.17421875 0.16015625 0.065625 0.046875
3 0.67421875 0.72109375 0.103125 0.065625
3 0.33671875 0.22109375 0.334375 0.259375
3 0.2 0.39140625 0.1484375 0.1
3 0.08515625 0.1375 0.125 0.065625
3 0.4328125 0.02265625 0.096875 0.0453125
3 0.421875 0.1875 0.11875 0.065625
3 0.0515625 0.3453125 0.103125 0.109375
3 0.1484375 0.29765625 0.178125 0.1125
3 0.840625 0.60859375 0.08125 0.075
3 0.240625 0.06015625 0.08125 0.053125
3 0.49296875 0.38359375 0.125 0.2
3 0.059375 0.68515625 0.11875 0.596875
3 0.2515625 0.01484375 0.1484375 0.028125
3 0.584375 0.9015625 0.51875 0.196875
3 0.759375 0.00390625 0.48125 0.0078125
3 0.01875 0.09609375 0.0375 0.190625