1 0.36875 0.46328125 0.09609375 0.15546875
3 0.06015625 0.63671875 0.07890625 0.11875
1 0.72109375 0.68125 0.1 0.178125
1 0.47734375 0.48515625 0.10390625 0.15546875
1 0.8625 0.67421875 0.14140625 0.221875
1 0.57734375 0.54453125 0.09609375 0.15546875
3 0.6515625 0.440625 0.696875 0.88125
3 0.03515625 0.8703125 0.0703125 0.259375
3 0.9 0.10390625 0.2 0.20703125
3 0.07734375 0.23671875 0.15390625 0.41484375
3 0.37109375 0.8109375 0.10859375 0.18515625
3 0.26484375 0.22578125 0.1375 0.21484375
3 0.63359375 0.73671875 0.16640625 0.27421875
3 0.13984375 0.79296875 0.14609375 0.2515625