3 0.52265625 0.3296875 0.07890625 0.1109375
3 0.25234375 0.27421875 0.05390625 0.07421875
3 0.89375 0.3296875 0.1125 0.1703125
3 0.6375 0.278125 0.06640625 0.08125
3 0.83984375 0.13671875 0.12109375 0.1703125
3 0.9375 0.6484375 0.11640625 0.2296875
3 0.87890625 0.66328125 0.21640625 0.1703125
3 0.07734375 0.66328125 0.09609375 0.15546875
3 0.60859375 0.18125 0.06640625 0.12578125
3 0.13359375 0.27421875 0.1 0.178125
3 0.6625 0.5515625 0.08359375 0.140625
3 0.46015625 0.33359375 0.07890625 0.1484375
3 0.79375 0.26328125 0.12890625 0.21484375
3 0.37109375 0.159375 0.10859375 0.15546875
3 0.04375 0.21484375 0.0875 0.4296875
3 0.17890625 0.46328125 0.33359375 0.31875
3 0.9140625 0.03671875 0.171875 0.0734375
3 0.30859375 0.8 0.35859375 0.4
3 0.5625 0.05546875 0.20859375 0.1109375