3 0.78984375 0.32578125 0.05390625 0.07421875
3 0.96015625 0.16328125 0.07109375 0.178125
1 0.90234375 0.62578125 0.0875 0.15546875
3 0.67265625 0.36328125 0.0625 0.13359375
3 0.96640625 0.74453125 0.06640625 0.09609375
3 0.51015625 0.1890625 0.1125 0.15546875
3 0.8125 0.60703125 0.08359375 0.13359375
3 0.9375 0.321875 0.11640625 0.21484375
3 0.11484375 0.17421875 0.22890625 0.3484375
3 0.26484375 0.29609375 0.0875 0.16328125
3 0.06484375 0.31875 0.1125 0.178125
3 0.60390625 0.36640625 0.08359375 0.140625
3 0.44609375 0.821875 0.35859375 0.35546875
3 0.3125 0.53359375 0.33359375 0.38515625
3 0.70859375 0.07421875 0.21640625 0.1484375