3 0.27109375 0.03359375 0.11640625 0.06640625
3 0.2375 0.84453125 0.175 0.2515625
1 0.42890625 0.6484375 0.08359375 0.15546875
1 0.56484375 0.621875 0.12890625 0.19296875
1 0.07890625 0.41875 0.1 0.15546875
3 0.8265625 0.87734375 0.346875 0.2453125
1 0.18984375 0.42578125 0.09609375 0.140625
3 0.46015625 0.440625 0.9125 0.88125
3 0.92734375 0.68125 0.1375 0.2515625
1 0.28359375 0.4890625 0.1 0.16328125
3 0.07890625 0.7703125 0.10859375 0.178125
3 0.9015625 0.140625 0.196875 0.28125
3 0.02109375 0.1890625 0.04140625 0.2296875
3 0.68125 0.10390625 0.3375 0.20703125
3 0.34609375 0.7 0.18359375 0.30390625