1 0.37109375 0.4703125 0.1 0.15546875
3 0.06015625 0.63671875 0.07890625 0.11875
1 0.72109375 0.68515625 0.1 0.18515625
1 0.86484375 0.66640625 0.14609375 0.2515625
1 0.47734375 0.48515625 0.10390625 0.15546875
1 0.57734375 0.54453125 0.09609375 0.15546875
3 0.03359375 0.8703125 0.06640625 0.259375
3 0.65390625 0.44453125 0.69140625 0.8890625
3 0.37109375 0.81484375 0.10859375 0.19296875
3 0.89765625 0.1 0.20390625 0.2
3 0.07890625 0.2359375 0.1578125 0.415625
3 0.26484375 0.22578125 0.1375 0.21484375
3 0.63125 0.740625 0.17109375 0.28125
3 0.13515625 0.79296875 0.14609375 0.2515625