3 0.11484375 0.81015625 0.2296875 0.3625
3 0.6 0.95625 0.28125 0.0875
1 0.36328125 0.39140625 0.1484375 0.084375
1 0.5890625 0.04140625 0.140625 0.0828125
1 0.378125 0.52734375 0.19375 0.128125
1 0.57421875 0.15234375 0.15625 0.096875
3 0.3109375 0.90625 0.28125 0.1875
1 0.5109375 0.24609375 0.1484375 0.090625
3 0.23671875 0.04609375 0.19375 0.090625
3 0.55546875 0.44140625 0.8890625 0.8828125
3 0.859375 0.8875 0.28125 0.225
3 0.9 0.64140625 0.2 0.334375
3 0.8109375 0.00234375 0.2296875 0.003125
3 0.30390625 0.31015625 0.3109375 0.1875