3 0.725 0.08359375 0.15 0.084375
3 0.721875 0.05 0.15625 0.075
3 0.634375 0.8875 0.16875 0.0921875
3 0.684375 0.13125 0.11875 0.0625
3 0.978125 0.35859375 0.04375 0.075
3 0.896875 0.42734375 0.10625 0.0625
3 0.525 0.82734375 0.225 0.1875
3 0.8 0.91640625 0.125 0.090625
3 0.36875 0.21640625 0.1625 0.1
3 0.278125 0.79375 0.24375 0.146875
3 0.85 0.99765625 0.3 0.0046875
3 0.45 0.98515625 0.175 0.0296875
3 0.571875 0.13984375 0.14375 0.2375
3 0.828125 0.73984375 0.34375 0.5125
3 0.56875 0.55625 0.3 0.346875