3 0.13359375 0.42890625 0.134375 0.084375
3 0.45546875 0.4625 0.184375 0.109375
3 0.41875 0.37890625 0.184375 0.109375
3 0.621875 0.8125 0.19375 0.1171875
3 0.02578125 0.075 0.0515625 0.15
3 0.059375 0.28515625 0.11875 0.503125
3 0.0890625 0.88125 0.178125 0.2296875
3 0.70390625 0.36640625 0.20625 0.125
3 0.70390625 0.1671875 0.4296875 0.334375
3 0.17421875 0.93359375 0.3484375 0.1328125
3 0.221875 0.72734375 0.325 0.1796875
3 0.840625 0.62109375 0.303125 0.209375
3 0.8890625 0.22265625 0.20625 0.2625