3 0.87265625 0.5109375 0.25390625 0.178125
3 0.80234375 0.04453125 0.05390625 0.07421875
3 0.51484375 0.4 0.0625 0.07421875
3 0.025 0.84453125 0.05 0.23671875
3 0.89609375 0.25546875 0.06640625 0.1703125
3 0.27265625 0.72578125 0.05390625 0.0890625
3 0.78984375 0.221875 0.05390625 0.07421875
3 0.9953125 0.4328125 0.009375 0.096875
3 0.46015625 0.2890625 0.10390625 0.19296875
3 0.32265625 0.03359375 0.1125 0.06640625
3 0.7125 0.440625 0.325 0.378125
3 0.66484375 0.22578125 0.09609375 0.15546875
3 0.90859375 0.09296875 0.1 0.15546875
3 0.484375 0.13671875 0.253125 0.2734375
3 0.9765625 0.2484375 0.046875 0.140625
3 0.83125 0.759375 0.3375 0.48125
3 0.99765625 0.01484375 0.00390625 0.0296875
3 0.16015625 0.35078125 0.3203125 0.4671875