1 0.4375 0.640625 0.075 0.1703125
3 0.43515625 0.63671875 0.07109375 0.16328125
3 0.74140625 0.07421875 0.125 0.1484375
3 0.64765625 0.59296875 0.07890625 0.11875
1 0.9515625 0.39921875 0.096875 0.1328125
3 0.52265625 0.640625 0.07890625 0.12578125
3 0.04765625 0.11015625 0.0953125 0.2078125
3 0.9390625 0.44453125 0.121875 0.8890625
3 0.9578125 0.765625 0.084375 0.215625
3 0.14140625 0.5921875 0.2828125 0.784375
3 0.34765625 0.87421875 0.6953125 0.2515625
3 0.85625 0.16640625 0.12890625 0.2
3 0.72890625 0.74453125 0.14140625 0.259375
3 0.63359375 0.2109375 0.21640625 0.421875
3 0.3625 0.25546875 0.16640625 0.5109375