3 0.29375 0.26640625 0.0625 0.10390625
3 0.8140625 0.08125 0.3625 0.1625
3 0.86015625 0.240625 0.12890625 0.15546875
3 0.53984375 0.20390625 0.12109375 0.18515625
3 0.63125 0.25546875 0.10390625 0.15546875
3 0.6375 0.540625 0.21640625 0.20703125
3 0.42265625 0.48125 0.07890625 0.13359375
3 0.37109375 0.12578125 0.075 0.13359375
3 0.58515625 0.07421875 0.10390625 0.1484375
3 0.13984375 0.121875 0.1125 0.15546875
3 0.225 0.278125 0.08359375 0.140625
3 0.05 0.440625 0.1 0.31875
3 0.6828125 0.00703125 0.225 0.0140625
3 0.11875 0.77421875 0.2375 0.4515625
3 0.31875 0.03359375 0.19609375 0.06640625