3 0.52578125 0.08515625 0.134375 0.0875
3 0.059375 0.39765625 0.11875 0.078125
3 0.19609375 0.31484375 0.096875 0.053125
3 0.04453125 0.12890625 0.0890625 0.065625
3 0.221875 0.08359375 0.103125 0.05
3 0.040625 0.4625 0.08125 0.075
3 0.19296875 0.16015625 0.1625 0.096875
3 0.02265625 0.1890625 0.0453125 0.053125
3 0.19296875 0.75859375 0.384375 0.475
3 0.39296875 0.06015625 0.134375 0.078125
3 0.01875 0.0125 0.0375 0.025
3 0.43359375 0.92890625 0.2890625 0.134375
3 0.14921875 0.00390625 0.2359375 0.0078125
3 0.30390625 0.50625 0.20625 0.096875
3 0.42578125 0.30390625 0.303125 0.159375
3 0.47421875 0.62734375 0.296875 0.196875