3 0.95859375 0.19296875 0.06640625 0.13359375
3 0.05859375 0.3890625 0.05 0.08125
3 0.22109375 0.06328125 0.06640625 0.12578125
3 0.57109375 0.340625 0.10859375 0.23671875
3 0.0625 0.2890625 0.125 0.2515625
3 0.40546875 0.0515625 0.0796875 0.103125
3 0.41875 0.30703125 0.0625 0.12578125
3 0.20234375 0.07421875 0.05390625 0.13359375
3 0.471875 0.06640625 0.078125 0.1328125
3 0.13671875 0.09609375 0.0578125 0.1921875
3 0.0078125 0.00703125 0.015625 0.0140625
3 0.01875 0.10390625 0.0375 0.11875
3 0.22265625 0.2703125 0.1125 0.18515625
2 0.5 0.65546875 1 0.6890625