3 0.2109375 0.95625 0.140625 0.071875
3 0.03671875 0.24296875 0.0734375 0.0546875
3 0.37421875 0.56484375 0.2 0.1125
3 0.06328125 0.41015625 0.125 0.0875
3 0.03671875 0.7578125 0.0734375 0.475
3 0.30703125 0.05859375 0.259375 0.115625
3 0.3890625 0.05390625 0.08125 0.040625
3 0.31484375 0.41640625 0.1109375 0.065625
3 0.06640625 0.4703125 0.1328125 0.075
3 0.0296875 0.00859375 0.059375 0.015625
3 0.1 0.1375 0.2 0.065625
3 0.08125 0.20234375 0.11875 0.053125
3 0.10390625 0.01875 0.11875 0.0375
3 0.278125 0.22109375 0.184375 0.109375
2 0.65546875 0.5 0.6890625 1