3 0.9453125 0.26328125 0.109375 0.1703125
3 0.44140625 0.1296875 0.075 0.12578125
3 0.925 0.5484375 0.125 0.16328125
3 0.0875 0.2515625 0.05859375 0.0890625
3 0.00625 0.2484375 0.0125 0.15546875
3 0.70859375 0.278125 0.10859375 0.1703125
3 0.29375 0.29609375 0.07890625 0.1484375
3 0.6578125 0.08125 0.109375 0.1625
3 0.20859375 0.13671875 0.10859375 0.1703125
3 0.71875 0.56640625 0.20390625 0.21484375
3 0.60390625 0.21484375 0.11640625 0.19296875
3 0.48984375 0.49296875 0.07109375 0.12578125
3 0.0875 0.440625 0.175 0.31875
3 0.7625 0.0109375 0.24140625 0.021875
3 0.38984375 0.040625 0.19609375 0.08125
3 0.15390625 0.78046875 0.3078125 0.4359375