3 0.60234375 0.02578125 0.078125 0.0515625
3 0.775 0.0109375 0.059375 0.021875
3 0.27890625 0.459375 0.190625 0.2375
3 0.41015625 0.10703125 0.078125 0.140625
3 0.59609375 0.2296875 0.065625 0.11875
3 0.03359375 0.421875 0.065625 0.2515625
3 0.54140625 0.0296875 0.075 0.059375
3 0.87265625 0.059375 0.0625 0.11875
3 0.0625 0.13671875 0.059375 0.125
3 0.8125 0.03359375 0.05 0.065625
3 0.79140625 0.19296875 0.109375 0.19375
3 0.94609375 0.21015625 0.1078125 0.2734375
3 0.98984375 0.040625 0.0203125 0.08125
2 0.5 0.6515625 1 0.696875