3 0.60390625 0.02734375 0.39375 0.053125
1 0.9703125 0.69609375 0.059375 0.065625
3 0.42578125 0.39609375 0.1109375 0.075
3 0.93671875 0.48984375 0.125 0.128125
1 0.62578125 0.70625 0.140625 0.096875
1 0.6109375 0.8125 0.140625 0.1
3 0.3703125 0.27109375 0.134375 0.084375
3 0.19296875 0.85390625 0.3109375 0.1921875
1 0.56328125 0.90859375 0.1625 0.0921875
3 0.58125 0.825 0.8375 0.35
3 0.2703125 0.71015625 0.1703125 0.103125
3 0.7515625 0.1125 0.496875 0.15
3 0.83671875 0.6 0.221875 0.1421875
3 0.27421875 0.48125 0.2515625 0.1375
3 0.35546875 0.94140625 0.28125 0.1171875
3 0.78125 0.38515625 0.4375 0.2125
3 0.1671875 0.221875 0.334375 0.4375