3 0.56875 0.58515625 0.07890625 0.11875
3 0.35390625 0.63671875 0.06640625 0.178125
3 0.6625 0.0703125 0.13359375 0.140625
1 0.87734375 0.39296875 0.0875 0.1484375
1 0.96875 0.421875 0.0625 0.1484375
3 0.44140625 0.63671875 0.08359375 0.11875
3 0.88125 0.7515625 0.10390625 0.18515625
3 0.903125 0.421875 0.190625 0.84375
3 0.77265625 0.17421875 0.1375 0.21484375
3 0.56015625 0.21484375 0.2125 0.4296875
3 0.27890625 0.259375 0.16640625 0.51875
3 0.10234375 0.578125 0.20390625 0.740625
3 0.65 0.73671875 0.14140625 0.24453125
3 0.3125 0.8625 0.625 0.275