3 0.6515625 0.47734375 0.134375 0.096875
3 0.3484375 0.54765625 0.221875 0.203125
3 0.00390625 0.79765625 0.00625 0.0625
3 0.24453125 0.45234375 0.178125 0.096875
3 0.06640625 0.415625 0.1328125 0.078125
3 0.58515625 0.60234375 0.075 0.053125
3 0.00390625 0.61640625 0.00625 0.075
3 0.48125 0.4875 0.059375 0.059375
3 0.19609375 0.60625 0.1109375 0.0625
3 0.09609375 0.07734375 0.11875 0.053125
3 0.01875 0.54765625 0.0375 0.078125
3 0.04453125 0.88125 0.0890625 0.0546875
3 0.01875 0.81640625 0.0375 0.040625
3 0.3734375 0.0359375 0.3625 0.071875
3 0.4515625 0.29140625 0.340625 0.215625
3 0.02578125 0.99140625 0.0515625 0.0171875
3 0.16328125 0.79609375 0.178125 0.1171875
3 0.19296875 0.94765625 0.28125 0.1046875
2 0.64765625 0.5 0.7046875 1