3 0.02109375 0.0109375 0.04140625 0.021875
3 0.80390625 0.459375 0.10859375 0.16328125
3 0.02109375 0.80703125 0.04140625 0.29609375
1 0.28359375 0.57421875 0.125 0.18515625
3 0.75859375 0.66640625 0.38359375 0.3109375
1 0.14765625 0.58515625 0.09609375 0.16328125
1 0.02734375 0.44453125 0.05390625 0.16328125
3 0.32109375 0.42578125 0.64140625 0.8515625
3 0.07734375 0.66328125 0.15390625 0.2890625
3 0.66015625 0.11875 0.27890625 0.23671875
3 0.68125 0.8703125 0.60390625 0.259375
3 0.38984375 0.078125 0.3375 0.15546875