3 0.0109375 0.225 0.021875 0.065625
3 0.12578125 0.32734375 0.103125 0.053125
3 0.0296875 0.41015625 0.059375 0.0875
3 0.02265625 0.24296875 0.0453125 0.0546875
3 0.1703125 0.75 0.340625 0.490625
3 0.2484375 0.52890625 0.215625 0.125
3 0.02265625 0.471875 0.0453125 0.078125
3 0.0890625 0.00859375 0.178125 0.015625
3 0.12578125 0.16875 0.1625 0.0875
3 0.32578125 0.07109375 0.134375 0.075
3 0.37421875 0.94140625 0.31875 0.1171875
3 0.36328125 0.3125 0.3109375 0.165625
3 0.43359375 0.63359375 0.2890625 0.2