3 0.16640625 0.78515625 0.08359375 0.35546875
3 0.5828125 0.94765625 0.159375 0.1046875
3 0.01015625 0.75546875 0.0203125 0.1484375
3 0.13359375 0.9890625 0.23359375 0.021875
3 0.24140625 0.72578125 0.06640625 0.11875
3 0.83125 0.38515625 0.3375 0.51875
3 0.53359375 0.67421875 0.11640625 0.20703125
3 0.63359375 0.4 0.125 0.221875
3 0.06875 0.9 0.1375 0.2
3 0.27265625 0.88515625 0.1625 0.2296875
3 0.38359375 0.2515625 0.19140625 0.35546875
3 0.775 0.19296875 0.25859375 0.29609375
3 0.00234375 0.53359375 0.00390625 0.38515625