3 0.421875 0.0234375 0.15625 0.046875
3 0.403125 0.49140625 0.10625 0.090625
3 0.228125 0.27265625 0.25625 0.121875
3 0.1875 0.35 0.2125 0.25
3 0.0125 0.28984375 0.025 0.0875
3 0.440625 0.26015625 0.20625 0.253125
3 0.25625 0.04609375 0.125 0.090625
3 0.278125 0.525 0.10625 0.059375
3 0.696875 0.66484375 0.20625 0.103125
3 0.046875 0.82890625 0.09375 0.290625
3 0.2 0.17890625 0.3 0.115625
3 0.525 0.02109375 0.225 0.040625
3 0.6125 0.125 0.2 0.084375
3 0.03125 0.51484375 0.0625 0.428125
3 0.61875 0.40859375 0.225 0.434375
3 0.190625 0.0625 0.38125 0.125
3 0.4625 0.825 0.725 0.334375