3 0.21484375 0.98125 0.0625 0.03671875
3 0.325 0.840625 0.05859375 0.09609375
3 0.7578125 0.81796875 0.475 0.3640625
3 0.23515625 0.9703125 0.05390625 0.059375
3 0.40859375 0.959375 0.08359375 0.08125
3 0.13671875 0.97734375 0.0671875 0.0453125
3 0.4703125 0.97734375 0.084375 0.0453125
3 0.93515625 0.61875 0.12890625 0.31875
3 0.06640625 0.6515625 0.075 0.13359375
3 0.16640625 0.840625 0.09140625 0.1703125
3 0.52265625 0.73359375 0.1125 0.221875
3 0.00625 0.8921875 0.0125 0.215625
3 0.31015625 0.61875 0.15390625 0.30390625
3 0.63359375 0.55546875 0.2 0.29609375