3 0.70703125 0.30859375 0.08125 0.059375
3 0.36328125 0.05 0.2515625 0.1
3 0.321875 0.0875 0.2 0.165625
3 0.71875 0.16015625 0.20625 0.1125
3 0.8109375 0.33984375 0.140625 0.071875
3 0.42578125 0.28359375 0.15625 0.084375
3 0.64453125 0.05625 0.1484375 0.103125
3 0.659375 0.42265625 0.0890625 0.053125
3 0.83359375 0.58515625 0.15625 0.121875
3 0.69609375 0.98515625 0.20625 0.0296875
3 0.721875 0.82734375 0.1703125 0.096875
3 0.85546875 0.10859375 0.1703125 0.115625
3 0.840625 0.92890625 0.31875 0.1421875
3 0.65546875 0.49140625 0.15625 0.090625
3 0.5109375 0.77734375 0.3703125 0.346875
3 0.9484375 0.05625 0.103125 0.1125
3 0.940625 0.3875 0.11875 0.2
3 0.19296875 0.64765625 0.384375 0.353125