3 0.63359375 0.57421875 0.18359375 0.140625
3 0.82109375 0.0890625 0.33359375 0.178125
3 0.22734375 0.58515625 0.09609375 0.1484375
3 0.6 0.08125 0.1 0.1625
3 0.3875 0.12578125 0.06640625 0.11875
3 0.88359375 0.259375 0.13359375 0.178125
3 0.4125 0.22578125 0.05 0.08125
3 0.65625 0.26328125 0.1125 0.15546875
3 0.67890625 0.54453125 0.16640625 0.21484375
3 0.30859375 0.27421875 0.05859375 0.07421875
3 0.15625 0.121875 0.1125 0.15546875
3 0.43984375 0.4890625 0.0875 0.1484375
3 0.23984375 0.28125 0.0875 0.13359375
3 0.55625 0.20703125 0.1125 0.19296875
3 0.0625 0.478125 0.125 0.39296875
3 0.33984375 0.040625 0.20390625 0.08125
3 0.7 0.01484375 0.225 0.0296875
3 0.12890625 0.7703125 0.2578125 0.459375