3 0.79609375 0.96015625 0.140625 0.071875
3 0.94453125 0.225 0.1109375 0.065625
3 0.68515625 0.41875 0.1109375 0.0625
3 0.940625 0.41015625 0.11875 0.0875
3 0.959375 0.24375 0.08125 0.053125
3 0.9703125 0.75 0.059375 0.490625
3 0.6890625 0.05625 0.2515625 0.1125
3 0.93671875 0.47265625 0.125 0.078125
3 0.98125 0.00859375 0.0375 0.015625
3 0.9 0.1375 0.2 0.065625
3 0.91875 0.20234375 0.11875 0.053125
3 0.8890625 0.01875 0.11875 0.0375
3 0.721875 0.22109375 0.184375 0.109375
2 0.34453125 0.5 0.6890625 1