3 0.4484375 0.39140625 0.065625 0.040625
1 0.3703125 0.86484375 0.1484375 0.071875
1 0.97421875 0.36015625 0.0515625 0.0625
3 0.3703125 0.78515625 0.134375 0.078125
3 0.42578125 0.65859375 0.1109375 0.075
3 0.2 0.2 0.3109375 0.190625
1 0.6296875 0.35 0.1484375 0.090625
1 0.56640625 0.15 0.15625 0.090625
1 0.4375 0.0296875 0.20625 0.059375
3 0.9296875 0.56875 0.140625 0.1375
1 0.61484375 0.24375 0.134375 0.096875
3 0.16328125 0.80859375 0.325 0.375
3 0.27421875 0.34609375 0.1625 0.1
3 0.578125 0.2046875 0.84375 0.409375
3 0.8515625 0.45859375 0.20625 0.134375
3 0.3640625 0.0859375 0.296875 0.171875
3 0.27421875 0.575 0.2515625 0.140625
3 0.74453125 0.93359375 0.5109375 0.1328125
3 0.78515625 0.67265625 0.4296875 0.2125