3 0.83984375 0.89609375 0.303125 0.20625
3 0.26875 0.8484375 0.153125 0.259375
1 0.21015625 0.44453125 0.096875 0.134375
1 0.10859375 0.42578125 0.1 0.15625
1 0.45625 0.640625 0.0875 0.15625
1 0.59375 0.63359375 0.128125 0.2
1 0.30859375 0.4890625 0.1 0.1625
3 0.93984375 0.67421875 0.1125 0.20625
3 0.10859375 0.76640625 0.1 0.184375
3 0.50859375 0.440625 0.940625 0.88125
3 0.91640625 0.12578125 0.165625 0.2515625
3 0.709375 0.10703125 0.328125 0.2140625
3 0.03515625 0.18828125 0.0703125 0.2296875
3 0.375 0.69609375 0.184375 0.296875