3 0.728125 0.31484375 0.21875 0.1125
3 0.053125 0.87109375 0.10625 0.125
3 0.265625 0.52265625 0.14375 0.0875
3 0.315625 0.47265625 0.15625 0.078125
3 0.9125 0.24375 0.175 0.371875
3 0.665625 0.3875 0.20625 0.25
3 0.740625 0.07734375 0.11875 0.096875
3 0.446875 0.86015625 0.25625 0.253125
3 0.6875 0.22265625 0.2625 0.1125
3 0.23125 0.08984375 0.1125 0.096875
3 0.275 0.93515625 0.2125 0.121875
3 0.771875 0.83984375 0.41875 0.3125
3 0.425 0.325 0.1625 0.090625
3 0.759375 0.57109375 0.10625 0.059375
3 0.425 0.55234375 0.225 0.428125
3 0.565625 0.0796875 0.61875 0.159375