3 0.5875 0.09609375 0.075 0.1484375
3 0.55390625 0.27421875 0.1 0.178125
3 0.22265625 0.00390625 0.05390625 0.00703125
3 0.38984375 0.01484375 0.07890625 0.0296875
3 0.453125 0.021875 0.075 0.04375
3 0.4 0.221875 0.06640625 0.11875
3 0.96640625 0.421875 0.06640625 0.340625
3 0.12109375 0.05546875 0.05859375 0.1109375
3 0.71484375 0.46640625 0.2125 0.32578125
3 0.93359375 0.1296875 0.05859375 0.12578125
3 0.18671875 0.021875 0.0421875 0.04375
3 0.20625 0.178125 0.1125 0.178125
3 0.01015625 0.03671875 0.0203125 0.0734375
3 0.05234375 0.20390625 0.10390625 0.27421875
2 0.5 0.65546875 1 0.6890625