3 0.94609375 0.43359375 0.084375 0.125
3 0.62890625 0.67421875 0.065625 0.11875
3 0.26875 0.9625 0.1125 0.075
3 0.52109375 0.84453125 0.1 0.20625
3 0.86640625 0.89609375 0.084375 0.20625
3 0.19375 0.64453125 0.3875 0.340625
3 0.44375 0.89296875 0.096875 0.15625
3 0.82734375 0.6703125 0.103125 0.1703125
3 0.79140625 0.9 0.065625 0.125
3 0.77265625 0.99609375 0.146875 0.00625
3 0.95 0.9921875 0.1 0.015625
3 0.40859375 0.56640625 0.115625 0.2296875
3 0.26875 0.3515625 0.2375 0.303125
3 0.64140625 0.4109375 0.2 0.378125