3 0.40625 0.3375 0.07890625 0.1375
3 0.61015625 0.690625 0.22109375 0.16875
3 0.16640625 0.784375 0.325 0.33125
3 0.1375 0.078125 0.11640625 0.15625
3 0.525 0.35625 0.075 0.1375
3 0.77890625 0.728125 0.11640625 0.25625
3 0.9625 0.934375 0.075 0.11875
3 0.47265625 0.30625 0.07890625 0.1
3 0.9125 0.253125 0.1 0.10625
3 0.05234375 0.315625 0.09609375 0.25625
3 0.92109375 0.7875 0.09140625 0.125
3 0.67890625 0.46875 0.09140625 0.1625
3 0.43515625 0.809375 0.0625 0.11875
3 0.75625 0.93125 0.3625 0.125
3 0.14140625 0.5 0.26640625 0.25
3 0.44375 0.471875 0.4125 0.23125
3 0.92265625 0.6125 0.15390625 0.6125