3 0.04453125 0.80234375 0.075 0.053125
3 0.5140625 0.8703125 0.184375 0.259375
3 0.4 0.51640625 0.075 0.059375
3 0.259375 0.89609375 0.178125 0.0671875
3 0.84765625 0.02265625 0.2453125 0.0453125
3 0.221875 0.7875 0.075 0.05
3 0.72578125 0.27265625 0.0890625 0.053125
3 0.4328125 0.9953125 0.096875 0.009375
3 0.03359375 0.32265625 0.065625 0.1125
3 0.2890625 0.45859375 0.19375 0.1
3 0.42578125 0.71484375 0.3484375 0.321875
3 0.140625 0.47734375 0.28125 0.271875
3 0.2296875 0.66484375 0.1484375 0.0875
3 0.09296875 0.90859375 0.15625 0.1
3 0.2515625 0.975 0.1484375 0.05
3 0.759375 0.83125 0.48125 0.3375
3 0.01875 0.99765625 0.0375 0.0046875
3 0.3515625 0.1625 0.465625 0.325