3 0.06015625 0.63671875 0.07890625 0.11875
1 0.58125 0.54453125 0.09609375 0.15546875
1 0.37109375 0.46328125 0.09140625 0.140625
1 0.86640625 0.66640625 0.14140625 0.23671875
1 0.72109375 0.69296875 0.1 0.1703125
1 0.47890625 0.4890625 0.1 0.1484375
3 0.6515625 0.440625 0.696875 0.88125
3 0.03125 0.8703125 0.0625 0.259375
3 0.89765625 0.10390625 0.20390625 0.20703125
3 0.37109375 0.81484375 0.10859375 0.19296875
3 0.07734375 0.23671875 0.15390625 0.41484375
3 0.26484375 0.2296875 0.1375 0.20703125
3 0.63359375 0.740625 0.175 0.28125
3 0.1375 0.79296875 0.15 0.2515625