3 0.69140625 0.29296875 0.05859375 0.08125
3 0.95 0.63671875 0.1 0.2515625
3 0.9125 0.678125 0.16640625 0.2
3 0.83984375 0.28125 0.1125 0.20703125
3 0.66015625 0.1890625 0.07109375 0.140625
3 0.71640625 0.57421875 0.08359375 0.15546875
3 0.94375 0.35546875 0.10390625 0.1484375
3 0.57734375 0.340625 0.05390625 0.0890625
3 0.41484375 0.16640625 0.12109375 0.15546875
3 0.01484375 0.30390625 0.02890625 0.20703125
3 0.17265625 0.278125 0.09609375 0.1703125
3 0.89140625 0.14453125 0.11640625 0.1703125
3 0.07109375 0.159375 0.14140625 0.31875
3 0.50859375 0.34453125 0.09140625 0.15546875
3 0.22265625 0.4890625 0.34609375 0.3703125
3 0.94375 0.0515625 0.1125 0.103125
3 0.6125 0.059375 0.2 0.11875
3 0.35234375 0.80703125 0.35390625 0.38515625