3 0.6296875 0.35 0.11875 0.090625
3 0.68125 0.225 0.075 0.059375
3 0.81484375 0.5 0.1625 0.109375
1 0.378125 0.10390625 0.1625 0.090625
3 0.29609375 0.8 0.1484375 0.084375
3 0.70703125 0.74609375 0.1703125 0.1
3 0.69296875 0.06875 0.259375 0.128125
3 0.26328125 0.04140625 0.096875 0.075
3 0.8296875 0.8875 0.340625 0.225
3 0.63359375 0.40625 0.140625 0.078125
3 0.6859375 0.93984375 0.184375 0.1203125
3 0.3890625 0.19609375 0.140625 0.084375
3 0.46328125 0.69609375 0.39375 0.340625
3 0.178125 0.56015625 0.35625 0.3625
3 0.921875 0.29765625 0.15625 0.221875