3 0.11484375 0.25546875 0.053125 0.08125
3 0.34140625 0.49609375 0.059375 0.103125
3 0.73515625 0.2890625 0.121875 0.1625
3 0.52109375 0.5109375 0.084375 0.134375
3 0.46640625 0.13671875 0.075 0.125
3 0.63515625 0.221875 0.1125 0.19375
3 0.9515625 0.52890625 0.096875 0.2296875
3 0.68984375 0.0890625 0.103125 0.1625
3 0.38515625 0.3109375 0.053125 0.11875
3 0.7375 0.57421875 0.225 0.215625
3 0.10390625 0.465625 0.2078125 0.35625
3 0.31875 0.30703125 0.078125 0.140625
3 0.22890625 0.140625 0.109375 0.1625
3 0.01875 0.25546875 0.0375 0.15625
3 0.7875 0.01875 0.240625 0.0375
3 0.41875 0.0484375 0.196875 0.096875
3 0.16875 0.7890625 0.3375 0.421875