1 0.678125 0.27734375 0.1703125 0.0875
3 0.63359375 0.93984375 0.1109375 0.078125
1 0.459375 0.62890625 0.1484375 0.090625
1 0.66640625 0.1375 0.2375 0.140625
1 0.48515625 0.525 0.15625 0.109375
1 0.54453125 0.42265625 0.15625 0.096875
3 0.440625 0.34609375 0.88125 0.690625
3 0.8703125 0.96484375 0.259375 0.0703125
3 0.1 0.0984375 0.2 0.196875
3 0.2359375 0.92109375 0.415625 0.1578125
3 0.221875 0.73515625 0.20625 0.1375
3 0.8109375 0.62890625 0.2 0.109375
3 0.73671875 0.36640625 0.275 0.165625
3 0.79296875 0.86015625 0.2515625 0.146875