3 0.36328125 0.06015625 0.11875 0.078125
1 0.45546875 0.58125 0.15625 0.096875
1 0.53671875 0.37109375 0.140625 0.090625
1 0.33359375 0.86640625 0.2375 0.140625
1 0.30703125 0.72109375 0.1703125 0.1
1 0.5109375 0.47890625 0.1484375 0.1
3 0.559375 0.6515625 0.88125 0.696875
3 0.1296875 0.03125 0.259375 0.0625
3 0.89609375 0.89765625 0.20625 0.2046875
3 0.18515625 0.37109375 0.19375 0.109375
3 0.76328125 0.07734375 0.415625 0.153125
3 0.7703125 0.26484375 0.20625 0.1375
3 0.259375 0.63359375 0.28125 0.175
3 0.20703125 0.1375 0.2515625 0.15