3 0.63671875 0.93984375 0.11875 0.078125
1 0.4703125 0.62890625 0.15625 0.1
1 0.69296875 0.27734375 0.15625 0.096875
1 0.6703125 0.13359375 0.24375 0.140625
1 0.48515625 0.52109375 0.140625 0.1
1 0.54453125 0.42265625 0.15625 0.096875
3 0.440625 0.3484375 0.88125 0.696875
3 0.8703125 0.96484375 0.259375 0.0703125
3 0.1 0.1 0.2 0.2
3 0.2328125 0.92109375 0.40625 0.1578125
3 0.221875 0.73359375 0.20625 0.134375
3 0.8109375 0.62890625 0.2 0.109375
3 0.740625 0.36640625 0.28125 0.165625
3 0.79296875 0.86015625 0.2515625 0.146875