3 0.84453125 0.775 0.265625 0.175
1 0.621875 0.44375 0.178125 0.121875
1 0.41484375 0.92890625 0.1484375 0.1
1 0.63359375 0.57890625 0.184375 0.090625
1 0.478125 0.73359375 0.1703125 0.1
3 0.88125 0.175 0.221875 0.35
1 0.43671875 0.82890625 0.11875 0.084375
3 0.678125 0.08125 0.24375 0.153125
3 0.440625 0.55625 0.88125 0.8875
3 0.76328125 0.93125 0.19375 0.103125
3 0.14765625 0.1046875 0.2953125 0.209375
3 0.17421875 0.99140625 0.2 0.0171875
3 0.10390625 0.33359375 0.20625 0.340625
3 0.7 0.66640625 0.31875 0.184375