3 0.17734375 0.7 0.0875 0.12578125
3 0.9765625 0.3921875 0.046875 0.134375
3 0.35625 0.3 0.05390625 0.08125
3 0.22734375 0.29296875 0.10390625 0.15546875
3 0.72265625 0.2 0.07890625 0.13359375
3 0.975 0.0890625 0.05 0.178125
3 0.94609375 0.71484375 0.1 0.140625
3 0.92265625 0.278125 0.14609375 0.31875
3 0.47734375 0.18125 0.1125 0.15546875
3 0.77734375 0.60390625 0.0875 0.15546875
3 0.56875 0.36328125 0.07890625 0.1484375
3 0.04140625 0.31875 0.0828125 0.178125
3 0.415625 0.81796875 0.359375 0.3640625
3 0.09765625 0.2109375 0.1953125 0.421875
3 0.28359375 0.4890625 0.34140625 0.3109375
3 0.67421875 0.06640625 0.2171875 0.1328125