3 0.33984375 0.8515625 0.15390625 0.23671875
3 0.96875 0.7296875 0.0625 0.24453125
1 0.66484375 0.6515625 0.12109375 0.16328125
1 0.375 0.50390625 0.09140625 0.13359375
1 0.52734375 0.64453125 0.0875 0.178125
1 0.28125 0.4515625 0.0875 0.11875
1 0.17890625 0.4296875 0.1 0.1484375
3 0.95390625 0.14453125 0.09140625 0.27421875
3 0.175 0.79609375 0.09140625 0.18515625
3 0.55390625 0.4484375 0.88359375 0.89609375
3 0.44140625 0.71484375 0.19140625 0.30390625
3 0.06875 0.19609375 0.1375 0.2296875
3 0.775 0.10390625 0.325 0.20703125
3 0.00859375 0.7703125 0.01640625 0.23671875