3 0.03671875 0.41171875 0.0734375 0.1171875
1 0.6515625 0.69609375 0.1484375 0.115625
3 0.1546875 0.9703125 0.20625 0.059375
1 0.45546875 0.32265625 0.1109375 0.0875
1 0.521875 0.41015625 0.125 0.078125
1 0.659375 0.5625 0.1625 0.1
1 0.4296875 0.2125 0.1625 0.1
3 0.7890625 0.2125 0.2 0.115625
3 0.43671875 0.5765625 0.8734375 0.846875
3 0.71875 0.47890625 0.296875 0.184375
3 0.19609375 0.1125 0.215625 0.134375
3 0.11875 0.81640625 0.2375 0.325
3 0.2296875 0.00234375 0.44375 0.003125
3 0.77421875 0.02734375 0.24375 0.053125