3 0.8125 0.2375 0.06640625 0.125
3 0.85625 0.290625 0.0875 0.13125
3 0.53984375 0.025 0.07890625 0.05
3 0.88125 0.21875 0.0875 0.15
3 0.77109375 0.309375 0.06640625 0.11875
3 0.03125 0.390625 0.0625 0.13125
3 0.86875 0.31875 0.07890625 0.1
3 0.46875 0.1125 0.0625 0.1
3 0.69609375 0.61875 0.1 0.1625
3 0.0125 0.23125 0.025 0.125
3 0.09140625 0.509375 0.1828125 0.21875
3 0.11875 0.75 0.12890625 0.275
3 0.79609375 0.41875 0.30859375 0.15
3 0.20390625 0.18125 0.4078125 0.3625
3 0.34765625 0.446875 0.34609375 0.30625