1 0.66640625 0.459375 0.1 0.1625
1 0.18125 0.6703125 0.128125 0.184375
1 0.47109375 0.53359375 0.1 0.1625
1 0.31640625 0.6703125 0.109375 0.184375
3 0.96875 0.6296875 0.0625 0.11875
1 0.56484375 0.478125 0.0875 0.140625
3 0.67734375 0.80390625 0.128125 0.184375
3 0.98984375 0.8703125 0.0203125 0.259375
3 0.36640625 0.440625 0.725 0.88125
3 0.93984375 0.2328125 0.1203125 0.40625
3 0.11875 0.13359375 0.2375 0.265625
3 0.775 0.21875 0.134375 0.215625
3 0.9 0.78125 0.140625 0.24375
3 0.41015625 0.73359375 0.171875 0.28125