3 0.3 0.40859375 0.1109375 0.059375
3 0.140625 0.47890625 0.11875 0.065625
3 0.25546875 0.50625 0.08125 0.053125
3 0.1 0.7 0.15625 0.109375
3 0.29921875 0.9640625 0.1859375 0.071875
3 0.29609375 0.75234375 0.1625 0.1046875
3 0.240625 0.65390625 0.215625 0.1171875
3 0.51875 0.53515625 0.1484375 0.078125
3 0.5890625 0.75 0.2 0.234375
3 0.25546875 0.02734375 0.15625 0.053125
3 0.58125 0.96015625 0.15625 0.0796875
3 0.13671875 0.24609375 0.15625 0.109375
3 0.4515625 0.10859375 0.3109375 0.215625
3 0.30703125 0.33515625 0.140625 0.078125
3 0.021875 0.80625 0.04375 0.2375
3 0.79609375 0.18125 0.40625 0.346875
3 0.0484375 0.43359375 0.096875 0.209375