3 0.47734375 0.040625 0.1125 0.08125
3 0.93515625 0.9296875 0.12109375 0.140625
1 0.63359375 0.66640625 0.08359375 0.1484375
1 0.7625 0.659375 0.125 0.178125
3 0.00390625 0.6140625 0.0078125 0.11875
1 0.28125 0.440625 0.10390625 0.18515625
3 0.28984375 0.80390625 0.09609375 0.18515625
1 0.3875 0.46328125 0.1 0.140625
1 0.48125 0.51875 0.0875 0.13359375
3 0.603125 0.4515625 0.790625 0.903125
3 0.85625 0.1296875 0.2875 0.259375
3 0.18125 0.2109375 0.12890625 0.21484375
3 0.54765625 0.72578125 0.17890625 0.28125
3 0.06015625 0.78046875 0.1203125 0.2453125
3 0.03515625 0.225 0.0703125 0.421875