3 0.23125 0.1109375 0.07109375 0.13359375
3 0.44375 0.05546875 0.09609375 0.1109375
3 0.72109375 0.20390625 0.125 0.18515625
3 0.48984375 0.21484375 0.10390625 0.16328125
3 0.825 0.71484375 0.08359375 0.12578125
3 0.28359375 0.43671875 0.075 0.11875
3 0.39609375 0.16640625 0.11640625 0.18515625
3 0.15625 0.25546875 0.05390625 0.09609375
3 0.73984375 0.0703125 0.49609375 0.140625
3 0.50859375 0.4890625 0.175 0.20703125
3 0.9515625 0.61796875 0.096875 0.5265625
3 0.02734375 0.10390625 0.05390625 0.16328125
3 0.0875 0.25546875 0.08359375 0.140625
3 0.18359375 0.02578125 0.2 0.0515625
3 0.05390625 0.759375 0.1078125 0.48125