3 0.56640625 0.0484375 0.11640625 0.09609375
1 0.37109375 0.45546875 0.09140625 0.15546875
1 0.72265625 0.68515625 0.09609375 0.1703125
3 0.06015625 0.63359375 0.07890625 0.1109375
1 0.86484375 0.67421875 0.1375 0.221875
1 0.57734375 0.540625 0.0875 0.1484375
1 0.47734375 0.48125 0.1125 0.16328125
3 0.03515625 0.8703125 0.0703125 0.259375
3 0.65390625 0.440625 0.69140625 0.88125
3 0.37109375 0.80703125 0.10859375 0.19296875
3 0.9 0.1 0.2 0.2
3 0.07890625 0.2359375 0.1578125 0.415625
3 0.26640625 0.22578125 0.13359375 0.21484375
3 0.63125 0.73671875 0.17109375 0.27421875
3 0.13984375 0.79296875 0.14609375 0.2515625