3 0.19921875 0.00703125 0.0578125 0.0140625
3 0.40234375 0.578125 0.04609375 0.07421875
3 0.45859375 0.34453125 0.2 0.24453125
3 0.5125 0.47421875 0.05859375 0.059375
3 0.58515625 0.06328125 0.07890625 0.12578125
3 0.45234375 0.0109375 0.07109375 0.021875
3 0.55234375 0.23671875 0.09609375 0.178125
3 0.92265625 0.08515625 0.05390625 0.1109375
3 0.39765625 0.19296875 0.0625 0.11875
3 0.12109375 0.040625 0.05859375 0.08125
3 0.9640625 0.35859375 0.071875 0.3484375
3 0.18515625 0.01484375 0.04609375 0.0296875
3 0.70625 0.440625 0.22109375 0.3484375
3 0.05234375 0.18515625 0.10390625 0.28125
3 0.20390625 0.15546875 0.11640625 0.178125
3 0.01015625 0.02578125 0.0203125 0.0515625
2 0.5 0.64765625 1 0.7046875