3 0.59140625 0.35 0.090625 0.1
3 0.73984375 0.134375 0.246875 0.23125
3 0.34140625 0.796875 0.065625 0.10625
3 0.25859375 0.015625 0.290625 0.03125
3 0.05 0.03125 0.090625 0.0625
3 0.5625 0.221875 0.059375 0.10625
3 0.81875 0.40625 0.253125 0.2
3 0.99765625 0.215625 0.003125 0.13125
3 0.90390625 0.1625 0.115625 0.3
3 0.96015625 0.578125 0.078125 0.16875
3 0.58359375 0.00625 0.425 0.0125
3 0.41015625 0.63125 0.103125 0.2
3 0.67734375 0.571875 0.4375 0.24375
3 0.98125 0.178125 0.0375 0.35625
3 0.21015625 0.4 0.4203125 0.675