3 0.01875 0.13515625 0.0375 0.121875
3 0.82578125 0.10859375 0.275 0.159375
3 0.48515625 0.9515625 0.1703125 0.096875
1 0.59609375 0.42734375 0.15625 0.1125
1 0.621875 0.3 0.1484375 0.084375
3 0.678125 0.85625 0.275 0.2875
1 0.41484375 0.05625 0.1484375 0.096875
1 0.48125 0.14609375 0.1484375 0.084375
3 0.43671875 0.42265625 0.8734375 0.8453125
3 0.88515625 0.7625 0.2296875 0.475
3 0.14453125 0.80625 0.2890625 0.2796875
3 0.09609375 0.5453125 0.1921875 0.334375
3 0.67421875 0.2125 0.296875 0.184375