3 0.05234375 0.81484375 0.10390625 0.23671875
3 0.05 0.01875 0.1 0.03671875
3 0.86484375 0.46640625 0.10390625 0.178125
1 0.34140625 0.59296875 0.11640625 0.16328125
1 0.20234375 0.6 0.09609375 0.16328125
1 0.00390625 0.41484375 0.0078125 0.1484375
3 0.37109375 0.4296875 0.74140625 0.859375
1 0.05390625 0.459375 0.08359375 0.13359375
3 0.81484375 0.68125 0.35390625 0.3109375
3 0.72265625 0.12578125 0.2875 0.2515625
3 0.45859375 0.08515625 0.33359375 0.1703125
3 0.12265625 0.66640625 0.17890625 0.28125
3 0.71640625 0.87421875 0.55859375 0.2515625