3 0.08515625 0.47421875 0.0875 0.13359375
3 0.39765625 0.940625 0.07890625 0.11875
3 0.31484375 0.80390625 0.05390625 0.09609375
3 0.12890625 0.95546875 0.06640625 0.0890625
3 0.08359375 0.778125 0.05 0.10390625
3 0.4625 0.959375 0.075 0.08125
3 0.16015625 0.80703125 0.09609375 0.16328125
3 0.1890625 0.97734375 0.053125 0.0453125
3 0.75859375 0.80703125 0.475 0.38515625
3 0.06015625 0.60703125 0.07890625 0.13359375
3 0.0125 0.98125 0.025 0.03671875
3 0.92890625 0.56640625 0.13359375 0.2890625
3 0.00390625 0.85078125 0.0078125 0.2359375
3 0.50625 0.69609375 0.09609375 0.20703125
3 0.30390625 0.57421875 0.15859375 0.30390625
3 0.62734375 0.52578125 0.19609375 0.29609375