3 0.340625 0.37109375 0.10625 0.084375
3 0.334375 0.59140625 0.13125 0.075
3 0.775 0.3125 0.2 0.115625
3 0.778125 0.83359375 0.35625 0.325
3 0.925 0.03984375 0.1375 0.078125
3 0.359375 0.35390625 0.08125 0.059375
3 0.925 0.24140625 0.1375 0.365625
3 0.290625 0.92890625 0.24375 0.134375
3 0.725 0.22109375 0.2625 0.115625
3 0.071875 0.85390625 0.14375 0.125
3 0.2875 0.52734375 0.1125 0.078125
3 0.79375 0.56640625 0.1 0.059375
3 0.340625 0.475 0.14375 0.084375
3 0.4625 0.32265625 0.1625 0.0875
3 0.778125 0.07734375 0.13125 0.096875
3 0.684375 0.39375 0.18125 0.246875
3 0.478125 0.85859375 0.25625 0.265625
3 0.465625 0.55625 0.24375 0.4125
3 0.596875 0.07734375 0.61875 0.153125