1 0.54453125 0.625 0.15625 0.090625
3 0.36640625 0.93984375 0.1109375 0.078125
1 0.321875 0.28125 0.184375 0.103125
1 0.3296875 0.13984375 0.2 0.146875
1 0.46328125 0.42890625 0.15625 0.090625
1 0.51875 0.52265625 0.1484375 0.103125
3 0.559375 0.34609375 0.865625 0.690625
3 0.1890625 0.62734375 0.2 0.103125
3 0.1296875 0.9625 0.259375 0.075
3 0.89296875 0.1 0.2140625 0.2
3 0.77109375 0.92109375 0.4140625 0.1578125
3 0.778125 0.73359375 0.221875 0.134375
3 0.26640625 0.36640625 0.28125 0.165625
3 0.21484375 0.86015625 0.2515625 0.146875