3 0.41171875 0.03671875 0.1171875 0.0734375
1 0.69609375 0.6515625 0.11640625 0.1484375
3 0.9703125 0.1546875 0.059375 0.20625
1 0.32265625 0.45546875 0.0875 0.1109375
1 0.41015625 0.521875 0.07890625 0.12578125
1 0.5625 0.659375 0.1 0.16328125
1 0.2125 0.4296875 0.1 0.16328125
3 0.2125 0.7890625 0.11640625 0.2
3 0.5765625 0.43671875 0.846875 0.8734375
3 0.47890625 0.71875 0.18359375 0.29609375
3 0.1125 0.19609375 0.13359375 0.21484375
3 0.81640625 0.11875 0.325 0.23671875
3 0.00234375 0.2296875 0.00390625 0.44453125
3 0.02734375 0.77421875 0.05390625 0.24453125