3 0.965625 0.86015625 0.06875 0.128125
3 0.11875 0.27734375 0.1875 0.296875
3 0.31875 0.3125 0.225 0.115625
3 0.628125 0.32265625 0.18125 0.0875
3 0.271875 0.57265625 0.10625 0.053125
3 0.35625 0.21875 0.275 0.121875
3 0.2625 0.84609375 0.425 0.3
3 0.384375 0.3875 0.19375 0.240625
3 0.765625 0.9375 0.23125 0.1171875
3 0.775 0.53515625 0.1125 0.078125
3 0.725 0.475 0.15 0.075
3 0.29375 0.07890625 0.125 0.090625
3 0.590625 0.85625 0.25625 0.271875
3 0.6125 0.54765625 0.2375 0.4375
3 0.471875 0.0796875 0.61875 0.159375