1 0.43984375 0.59609375 0.0625 0.125
3 0.53125 0.4703125 0.1125 0.184375
3 0.35625 0.8515625 0.078125 0.0890625
3 0.80859375 0.18125 0.05 0.065625
3 0.24765625 0.6890625 0.078125 0.103125
3 0.58515625 0.49609375 0.196875 0.1484375
3 0.95 0.43671875 0.059375 0.103125
3 0.57734375 0.2109375 0.103125 0.15625
3 0.83125 0.09296875 0.071875 0.1109375
3 0.621875 0.0515625 0.1 0.103125
3 0.90859375 0.24453125 0.05 0.0890625
3 0.67265625 0.16328125 0.1125 0.178125
3 0.29140625 0.06328125 0.565625 0.125
3 0.78359375 0.43359375 0.075 0.125
3 0.96875 0.2515625 0.0625 0.1484375
3 0.98125 0.7625 0.0375 0.475
3 0.0796875 0.603125 0.159375 0.525
3 0.87890625 0.01875 0.2 0.0375