3 0.540625 0.15234375 0.0890625 0.053125
3 0.26640625 0.86875 0.11875 0.096875
3 0.89296875 0.27265625 0.1109375 0.071875
3 0.74453125 0.19609375 0.096875 0.059375
3 0.7703125 0.52734375 0.1484375 0.103125
3 0.83359375 0.4375 0.2 0.125
3 0.93671875 0.4875 0.125 0.1
3 0.54453125 0.32109375 0.125 0.075
3 0.78515625 0.77109375 0.1484375 0.0921875
3 0.50390625 0.54609375 0.221875 0.184375
3 0.9296875 0.7578125 0.140625 0.484375
3 0.74453125 0.13125 0.140625 0.078125
3 0.89296875 0.04609375 0.15625 0.090625
3 0.57109375 0.00390625 0.3265625 0.0078125
3 0.234375 0.07265625 0.465625 0.1453125
3 0.96640625 0.22265625 0.065625 0.1875