3 0.9640625 0.71796875 0.071875 0.2359375
1 0.65390625 0.64453125 0.125 0.1625
1 0.51640625 0.6484375 0.084375 0.1703125
1 0.16875 0.42578125 0.0875 0.15625
1 0.37265625 0.5 0.096875 0.15625
1 0.26875 0.45546875 0.096875 0.140625
3 0.946875 0.1515625 0.103125 0.303125
3 0.5453125 0.44453125 0.909375 0.8890625
3 0.00390625 0.765625 0.0078125 0.24375
3 0.16875 0.79296875 0.096875 0.178125
3 0.42734375 0.70703125 0.1875 0.303125
3 0.06015625 0.18828125 0.1203125 0.1859375
3 0.7625 0.10390625 0.334375 0.20625