3 0.44453125 0.11015625 0.1484375 0.1125
3 0.4296875 0.75234375 0.1625 0.096875
3 0.91875 0.3734375 0.1625 0.103125
3 0.8703125 0.58984375 0.140625 0.071875
3 0.9109375 0.15859375 0.178125 0.3
3 0.73671875 0.31640625 0.1703125 0.109375
3 0.7484375 0.075 0.1625 0.115625
3 0.7890625 0.41875 0.2 0.1125
3 0.43671875 0.325 0.20625 0.234375
3 0.50703125 0.53515625 0.140625 0.078125
3 0.8703125 0.81875 0.15625 0.1125
3 0.71484375 0.73125 0.140625 0.078125
3 0.559375 0.925 0.303125 0.15
3 0.98125 0.26875 0.0375 0.228125
3 0.96328125 0.6359375 0.0734375 0.203125
3 0.22578125 0.85625 0.4515625 0.2875