3 0.9640625 0.15859375 0.071875 0.1703125
3 0.79375 0.32578125 0.05390625 0.07421875
3 0.36484375 0.01484375 0.09609375 0.0296875
3 0.96640625 0.7515625 0.06640625 0.09609375
3 0.06484375 0.321875 0.10390625 0.1703125
3 0.76015625 0.21875 0.07109375 0.12578125
3 0.67734375 0.3703125 0.0625 0.11875
3 0.27265625 0.29609375 0.09609375 0.1484375
3 0.81640625 0.60703125 0.075 0.13359375
3 0.11640625 0.1890625 0.2328125 0.378125
3 0.60859375 0.3703125 0.08359375 0.1484375
3 0.94140625 0.32578125 0.10859375 0.221875
3 0.51484375 0.1890625 0.1125 0.15546875
3 0.45 0.821875 0.35859375 0.35546875
3 0.31640625 0.540625 0.34140625 0.4
3 0.71484375 0.07421875 0.2125 0.1484375
3 0.01015625 0.7625 0.0203125 0.20625