3 0.225 0.84453125 0.175 0.26640625
1 0.55625 0.621875 0.12109375 0.178125
1 0.07109375 0.41484375 0.1 0.1484375
1 0.42109375 0.63359375 0.09140625 0.18515625
1 0.26640625 0.478125 0.1 0.1703125
3 0.825 0.88125 0.35 0.221875
1 0.17109375 0.43671875 0.08359375 0.11875
3 0.91875 0.678125 0.15390625 0.24453125
3 0.44375 0.440625 0.8875 0.88125
3 0.06875 0.76328125 0.10390625 0.19296875
3 0.8953125 0.14765625 0.209375 0.2953125
3 0.00859375 0.17421875 0.01640625 0.2
3 0.66640625 0.10390625 0.34140625 0.20703125
3 0.33359375 0.7 0.18359375 0.31875