3 0.3296875 0.47734375 0.1109375 0.078125
3 0.27421875 0.74765625 0.075 0.053125
3 0.3296875 0.10625 0.1703125 0.1125
3 0.278125 0.3625 0.08125 0.065625
3 0.13671875 0.16015625 0.1703125 0.121875
3 0.6484375 0.0625 0.2296875 0.115625
3 0.66328125 0.12109375 0.1703125 0.215625
3 0.66328125 0.92265625 0.15625 0.096875
3 0.18125 0.39140625 0.125 0.065625
3 0.27421875 0.86640625 0.178125 0.1
3 0.5515625 0.3375 0.140625 0.084375
3 0.33359375 0.53984375 0.1484375 0.078125
3 0.26328125 0.20625 0.215625 0.128125
3 0.159375 0.62890625 0.15625 0.109375
3 0.21484375 0.95625 0.4296875 0.0875
3 0.46328125 0.82109375 0.31875 0.334375
3 0.03671875 0.0859375 0.0734375 0.171875
3 0.8 0.69140625 0.4 0.359375
3 0.05546875 0.4375 0.1109375 0.209375