3 0.34765625 0.93671875 0.14609375 0.1109375
1 0.67890625 0.0296875 0.06640625 0.059375
3 0.25390625 0.61875 0.075 0.1109375
1 0.68984375 0.37421875 0.0875 0.140625
3 0.38359375 0.57421875 0.075 0.1109375
3 0.47109375 0.0703125 0.13359375 0.140625
1 0.99140625 0.57421875 0.01640625 0.21484375
3 0.83515625 0.81484375 0.19609375 0.32578125
1 0.89140625 0.43671875 0.09140625 0.16328125
1 0.79609375 0.3890625 0.1 0.140625
3 0.21171875 0.8328125 0.4171875 0.334375
3 0.69609375 0.7296875 0.1 0.1703125
3 0.81640625 0.4296875 0.36640625 0.859375
3 0.9328125 0.63984375 0.134375 0.2890625
3 0.58125 0.1515625 0.1375 0.2
3 0.09375 0.2515625 0.1625 0.503125
3 0.46484375 0.7296875 0.1375 0.259375
3 0.36875 0.21875 0.2125 0.43671875