3 0.9640625 0.878125 0.071875 0.19375
3 0.14140625 0.0125 0.13359375 0.025
3 0.70625 0.828125 0.24609375 0.18125
3 0.77734375 0.59375 0.1125 0.2625
3 0.525 0.228125 0.075 0.14375
3 0.42890625 0.678125 0.05859375 0.11875
3 0.67734375 0.325 0.0875 0.175
3 0.91875 0.65625 0.09609375 0.125
3 0.06875 0.184375 0.12890625 0.23125
3 0.46875 0.16875 0.0875 0.125
3 0.14375 0.3625 0.27109375 0.2625
3 0.60859375 0.56875 0.25 0.1875
3 0.15234375 0.721875 0.30390625 0.54375
3 0.44765625 0.340625 0.4375 0.24375
3 0.9203125 0.471875 0.159375 0.61875