1 0.359375 0.70859375 0.184375 0.075
3 0.36640625 0.71015625 0.184375 0.071875
3 0.421875 0.49765625 0.11875 0.078125
3 0.19609375 0.0625 0.2890625 0.125
1 0.621875 0.1875 0.1484375 0.1
3 0.36640625 0.625 0.1109375 0.084375
3 0.57421875 0.1296875 0.8515625 0.259375
1 0.55546875 0.01875 0.1625 0.0375
1 0.6 0.08515625 0.11875 0.0875
3 0.25546875 0.18515625 0.184375 0.103125
3 0.44140625 0.92734375 0.7640625 0.1453125
3 0.340625 0.00625 0.296875 0.0125
3 0.83671875 0.29375 0.20625 0.128125
3 0.75546875 0.78359375 0.4890625 0.159375
3 0.26640625 0.41640625 0.2515625 0.140625
3 0.15546875 0.72109375 0.3109375 0.5578125
3 0.78125 0.50625 0.4375 0.2125