3 0.14765625 0.26640625 0.05390625 0.07421875
3 0.50625 0.140625 0.07109375 0.13359375
3 0.00859375 0.6515625 0.01640625 0.13359375
3 0.27265625 0.13671875 0.12109375 0.15546875
3 0.73125 0.10390625 0.1125 0.16328125
3 0.78359375 0.29609375 0.10859375 0.1484375
3 0.0375 0.25546875 0.075 0.15546875
3 0.77265625 0.6 0.2375 0.20703125
3 0.56015625 0.521875 0.07890625 0.140625
3 0.3625 0.30390625 0.08359375 0.1484375
3 0.68359375 0.2484375 0.11640625 0.2
3 0.828125 0.021875 0.225 0.04375
3 0.12109375 0.4515625 0.24140625 0.3109375
3 0.20234375 0.79609375 0.35390625 0.40703125
3 0.45859375 0.04453125 0.20859375 0.0890625