1 0.72265625 0.678125 0.0875 0.1703125
3 0.06015625 0.63359375 0.07890625 0.1109375
1 0.37109375 0.459375 0.09140625 0.1484375
1 0.8625 0.66640625 0.14140625 0.23671875
1 0.475 0.48515625 0.10859375 0.15546875
1 0.57734375 0.54453125 0.09609375 0.15546875
3 0.65390625 0.440625 0.69140625 0.88125
3 0.03515625 0.8703125 0.0703125 0.259375
3 0.9015625 0.1 0.196875 0.2
3 0.07890625 0.2359375 0.1578125 0.415625
3 0.26484375 0.221875 0.1375 0.20703125
3 0.37109375 0.8109375 0.10859375 0.2
3 0.63359375 0.73671875 0.16640625 0.27421875
3 0.13984375 0.79296875 0.14609375 0.2515625