3 0.81875 0.53125 0.07890625 0.1375
3 0.72109375 0.578125 0.075 0.11875
3 0.81484375 0.575 0.07890625 0.1125
3 0.82734375 0.475 0.0875 0.1375
3 0.8625 0.00625 0.05 0.0125
3 0.75625 0.515625 0.05390625 0.10625
3 0.40859375 0.390625 0.06640625 0.10625
3 0.47265625 0.26875 0.07890625 0.1375
3 0.05859375 0.784375 0.11640625 0.24375
3 0.96484375 0.390625 0.0625 0.11875
3 0.95234375 0.24375 0.0875 0.1375
3 0.725 0.69375 0.28359375 0.1375
3 0.53984375 0.040625 0.07890625 0.08125
3 0.28359375 0.734375 0.34140625 0.29375
3 0.16875 0.353125 0.3375 0.60625