3 0.58515625 0.078125 0.071875 0.140625
3 0.51484375 0.5 0.053125 0.065625
3 0.3875 0.0109375 0.075 0.021875
3 0.39609375 0.21875 0.059375 0.1109375
3 0.55390625 0.26328125 0.1 0.184375
3 0.12109375 0.05546875 0.059375 0.1109375
3 0.4515625 0.021875 0.078125 0.04375
3 0.92890625 0.11484375 0.059375 0.125
3 0.96640625 0.39296875 0.065625 0.340625
3 0.184375 0.021875 0.046875 0.04375
3 0.71015625 0.46640625 0.2125 0.340625
3 0.01015625 0.0328125 0.0203125 0.065625
3 0.20625 0.17421875 0.103125 0.184375
3 0.05234375 0.20390625 0.103125 0.2890625
2 0.5 0.6515625 1 0.696875