1 0.53671875 0.63125 0.15625 0.096875
3 0.36328125 0.93984375 0.11875 0.078125
1 0.31875 0.27890625 0.178125 0.1
1 0.51484375 0.52265625 0.15625 0.103125
1 0.32578125 0.1375 0.221875 0.140625
1 0.45546875 0.42265625 0.15625 0.096875
3 0.559375 0.3484375 0.88125 0.696875
3 0.1296875 0.96484375 0.259375 0.0703125
3 0.89609375 0.1 0.20625 0.2
3 0.76328125 0.92265625 0.415625 0.1546875
3 0.1890625 0.62890625 0.184375 0.109375
3 0.77421875 0.73515625 0.215625 0.1375
3 0.26328125 0.36640625 0.275 0.165625
3 0.20703125 0.86015625 0.2515625 0.146875