3 0.40859375 0.3 0.05859375 0.1109375
3 0.47890625 0.140625 0.06640625 0.11875
3 0.50625 0.25546875 0.05390625 0.08125
3 0.7 0.1 0.10859375 0.15546875
3 0.9640625 0.29921875 0.071875 0.1859375
3 0.75234375 0.29609375 0.10390625 0.16328125
3 0.65390625 0.240625 0.11640625 0.21484375
3 0.53515625 0.51875 0.07890625 0.1484375
3 0.75 0.5890625 0.23359375 0.2
3 0.02734375 0.25546875 0.05390625 0.15546875
3 0.96015625 0.58125 0.07890625 0.15546875
3 0.24609375 0.13671875 0.10859375 0.15546875
3 0.10859375 0.4515625 0.21640625 0.3109375
3 0.33515625 0.30703125 0.07890625 0.140625
3 0.80625 0.021875 0.2375 0.04375
3 0.18125 0.79609375 0.34609375 0.40703125
3 0.43359375 0.0484375 0.20859375 0.09609375