3 0.40859375 0.9296875 0.08359375 0.140625
3 0.74765625 0.7484375 0.4875 0.41484375
3 0.32734375 0.79296875 0.05390625 0.0890625
3 0.0875 0.78125 0.05859375 0.12578125
3 0.19609375 0.9703125 0.05859375 0.059375
3 0.46875 0.9515625 0.07890625 0.09609375
3 0.06484375 0.59296875 0.07890625 0.13359375
3 0.94375 0.559375 0.1125 0.31875
3 0.13359375 0.95546875 0.075 0.0890625
3 0.01640625 0.98515625 0.0328125 0.0296875
3 0.51640625 0.6890625 0.10859375 0.221875
3 0.16640625 0.79609375 0.09140625 0.1703125
3 0.00625 0.85546875 0.0125 0.259375
3 0.30625 0.56640625 0.15390625 0.30390625
3 0.63984375 0.49609375 0.20390625 0.29609375