3 0.37890625 0.21875 0.05 0.065625
3 0.81875 0.51484375 0.0875 0.15625
3 0.35234375 0.12578125 0.071875 0.134375
3 0.275 0.2703125 0.059375 0.096875
3 0.8078125 0.08125 0.365625 0.1625
3 0.12109375 0.12578125 0.109375 0.178125
3 0.61875 0.240625 0.103125 0.15625
3 0.56875 0.0703125 0.103125 0.140625
3 0.96015625 0.78125 0.071875 0.1109375
3 0.85390625 0.240625 0.115625 0.140625
3 0.40390625 0.48125 0.084375 0.1484375
3 0.62109375 0.521875 0.209375 0.215625
3 0.04375 0.459375 0.0875 0.384375
3 0.52109375 0.2 0.115625 0.19375
3 0.18125 0.55546875 0.1125 0.20625
3 0.20625 0.26640625 0.078125 0.1484375
3 0.6625 0.0109375 0.215625 0.021875
3 0.303125 0.03671875 0.2 0.0734375
3 0.1125 0.76640625 0.225 0.465625