3 0.9515625 0.43359375 0.096875 0.115625
1 0.33671875 0.13515625 0.259375 0.146875
3 0.36328125 0.93984375 0.11875 0.078125
1 0.540625 0.62890625 0.1484375 0.090625
1 0.31484375 0.28359375 0.184375 0.1
1 0.51484375 0.525 0.15625 0.109375
1 0.45546875 0.42265625 0.15625 0.096875
3 0.12578125 0.96484375 0.2515625 0.0703125
3 0.559375 0.3484375 0.88125 0.696875
3 0.9 0.0984375 0.2 0.196875
3 0.759375 0.92109375 0.421875 0.1578125
3 0.1890625 0.62890625 0.2 0.109375
3 0.77421875 0.7375 0.215625 0.134375
3 0.26328125 0.36640625 0.275 0.165625
3 0.20703125 0.86015625 0.2515625 0.146875