3 0.56328125 0.925 0.2375 0.125
3 0.60703125 0.68984375 0.103125 0.1625
3 0.24453125 0.47265625 0.0890625 0.053125
3 0.13671875 0.44609375 0.1109375 0.065625
3 0.27421875 0.71875 0.178125 0.1125
3 0.2109375 0.61484375 0.184375 0.1125
3 0.27734375 0.9515625 0.1703125 0.096875
3 0.5 0.5 0.125 0.075
3 0.56328125 0.75 0.221875 0.159375
3 0.2515625 0.00859375 0.1625 0.015625
3 0.3 0.30234375 0.140625 0.078125
3 0.13359375 0.2125 0.1484375 0.109375
3 0.44453125 0.09375 0.3109375 0.1875
3 0.04453125 0.4 0.0890625 0.2
3 0.021875 0.76796875 0.04375 0.2453125
3 0.78515625 0.1625 0.4296875 0.325