3 0.19609375 0.6890625 0.084375 0.1484375
3 0.25 0.2890625 0.1 0.1625
3 0.74140625 0.20703125 0.075 0.134375
3 0.95390625 0.7296875 0.084375 0.1109375
3 0.79609375 0.60390625 0.084375 0.140625
3 0.92890625 0.27421875 0.140625 0.340625
3 0.65390625 0.3703125 0.05 0.103125
3 0.58359375 0.36640625 0.084375 0.140625
3 0.10625 0.18125 0.2125 0.3625
3 0.49140625 0.19296875 0.115625 0.1625
3 0.05625 0.31875 0.1125 0.19375
3 0.29375 0.51875 0.3375 0.3703125
3 0.42890625 0.821875 0.359375 0.35625
3 0.69375 0.07421875 0.2125 0.1484375