3 0.06015625 0.640625 0.07890625 0.1109375
1 0.37109375 0.4703125 0.09140625 0.15546875
1 0.86484375 0.678125 0.1375 0.21484375
1 0.72109375 0.6890625 0.1 0.178125
1 0.47734375 0.48515625 0.10390625 0.15546875
1 0.575 0.54453125 0.09140625 0.15546875
3 0.03359375 0.8703125 0.06640625 0.259375
3 0.6515625 0.44453125 0.696875 0.8890625
3 0.89765625 0.11484375 0.20390625 0.2296875
3 0.36875 0.81484375 0.1125 0.19296875
3 0.07890625 0.2359375 0.1578125 0.415625
3 0.26484375 0.221875 0.1375 0.20703125
3 0.63515625 0.74453125 0.17109375 0.27421875
3 0.13984375 0.79296875 0.14609375 0.2515625