3 0.9109375 0.8875 0.1484375 0.1921875
3 0.03359375 0.38125 0.065625 0.1125
1 0.6515625 0.67890625 0.1625 0.134375
1 0.6515625 0.5375 0.178125 0.090625
3 0.7890625 0.18515625 0.184375 0.096875
1 0.50703125 0.375 0.15625 0.090625
1 0.45546875 0.2875 0.1109375 0.090625
3 0.13984375 0.9640625 0.2515625 0.071875
1 0.42578125 0.1875 0.15625 0.1
3 0.44453125 0.55 0.8890625 0.85
3 0.1109375 0.79140625 0.221875 0.35
3 0.1890625 0.075 0.2 0.125
3 0.71484375 0.44765625 0.303125 0.178125
3 0.76640625 0.0125 0.24375 0.025