1 0.5296875 0.62890625 0.15625 0.1
3 0.36328125 0.93984375 0.11875 0.078125
1 0.3109375 0.27734375 0.178125 0.096875
1 0.33359375 0.13515625 0.2515625 0.146875
1 0.51484375 0.52265625 0.15625 0.103125
1 0.45546875 0.42265625 0.15625 0.096875
3 0.12578125 0.96640625 0.2515625 0.0671875
3 0.559375 0.35 0.88125 0.7
3 0.76328125 0.92265625 0.415625 0.1546875
3 0.89609375 0.1 0.20625 0.2
3 0.77421875 0.73515625 0.2 0.1375
3 0.1890625 0.62890625 0.184375 0.1
3 0.25546875 0.36640625 0.275 0.175
3 0.20703125 0.86015625 0.2515625 0.146875