1 0.7125 0.678125 0.09140625 0.15546875
1 0.85 0.678125 0.13359375 0.18515625
1 0.36015625 0.459375 0.07890625 0.11875
3 0.04375 0.63359375 0.07890625 0.1109375
1 0.46640625 0.478125 0.1 0.140625
1 0.5625 0.53359375 0.08359375 0.1484375
3 0.01640625 0.87421875 0.0328125 0.2515625
3 0.64140625 0.44453125 0.71640625 0.8890625
3 0.36015625 0.8109375 0.10390625 0.18515625
3 0.9 0.11875 0.2 0.23671875
3 0.25234375 0.20703125 0.12109375 0.19296875
3 0.12734375 0.78515625 0.14609375 0.2515625
3 0.07265625 0.24375 0.1453125 0.44375
3 0.61875 0.73671875 0.17109375 0.27421875