3 0.68984375 0.725 0.10390625 0.2125
3 0.13984375 0.078125 0.1125 0.14375
3 0.14765625 0.76875 0.27109375 0.25
3 0.9125 0.253125 0.1 0.10625
3 0.61015625 0.690625 0.22109375 0.16875
3 0.77734375 0.725 0.1125 0.25
3 0.40625 0.3375 0.07890625 0.1375
3 0.52734375 0.359375 0.07890625 0.14375
3 0.07109375 0.309375 0.13359375 0.24375
3 0.47265625 0.309375 0.07890625 0.10625
3 0.9640625 0.934375 0.071875 0.11875
3 0.92265625 0.7875 0.09609375 0.125
3 0.43125 0.809375 0.0625 0.11875
3 0.67734375 0.46875 0.09609375 0.1625
3 0.75390625 0.925 0.35859375 0.1375
3 0.14140625 0.49375 0.26640625 0.25
3 0.44609375 0.46875 0.40859375 0.225
3 0.9203125 0.615625 0.159375 0.61875