3 0.70625 0.04453125 0.12890625 0.0890625
3 0.56484375 0.7484375 0.07109375 0.0890625
3 0.40234375 0.63671875 0.0625 0.16328125
3 0.61484375 0.58125 0.07890625 0.1109375
3 0.03125 0.1296875 0.0625 0.140625
1 0.92265625 0.39296875 0.0875 0.1484375
3 0.48359375 0.63671875 0.08359375 0.11875
3 0.9265625 0.43671875 0.146875 0.8734375
1 0.99140625 0.41484375 0.01640625 0.1484375
3 0.92109375 0.76328125 0.10859375 0.23671875
3 0.80625 0.17421875 0.1375 0.21484375
3 0.33515625 0.8625 0.6703125 0.275
3 0.125 0.58515625 0.25 0.7703125
3 0.6015625 0.20703125 0.2125 0.4140625
3 0.32890625 0.2484375 0.16640625 0.49609375
3 0.69375 0.73671875 0.1375 0.259375