3 0.0484375 0.50859375 0.096875 0.109375
3 0.6296875 0.02109375 0.11875 0.040625
1 0.4484375 0.3125 0.1703125 0.090625
1 0.66640625 0.80390625 0.19375 0.140625
1 0.5296875 0.51015625 0.140625 0.0875
1 0.6703125 0.66015625 0.1703125 0.103125
1 0.47421875 0.42109375 0.134375 0.109375
3 0.80390625 0.30625 0.184375 0.103125
3 0.8703125 0.00234375 0.259375 0.003125
3 0.44453125 0.62109375 0.8890625 0.75
3 0.12578125 0.875 0.2515625 0.25
3 0.225 0.04765625 0.40625 0.0953125
3 0.21875 0.20390625 0.215625 0.134375
3 0.78125 0.07890625 0.24375 0.140625
3 0.73359375 0.575 0.28125 0.175