3 0.06015625 0.63359375 0.07890625 0.1109375
1 0.375 0.45546875 0.09140625 0.15546875
1 0.71875 0.68125 0.10390625 0.178125
1 0.57265625 0.53671875 0.0875 0.15546875
1 0.86484375 0.6703125 0.14609375 0.2296875
1 0.47734375 0.48125 0.10390625 0.1484375
3 0.03515625 0.86953125 0.0703125 0.2453125
3 0.6515625 0.440625 0.696875 0.88125
3 0.37109375 0.80390625 0.10859375 0.2
3 0.07890625 0.2296875 0.1578125 0.4
3 0.9 0.09609375 0.2 0.1921875
3 0.26640625 0.221875 0.13359375 0.20703125
3 0.63359375 0.73359375 0.16640625 0.28125
3 0.13984375 0.7890625 0.14609375 0.259375