3 0.00390625 0.30390625 0.00625 0.109375
3 0.1 0.54609375 0.2 0.1
3 0.27421875 0.65234375 0.103125 0.0625
3 0.08203125 0.471875 0.1640625 0.1
3 0.5078125 0.95859375 0.140625 0.0828125
3 0.28515625 0.84140625 0.1703125 0.1
3 0.09296875 0.65390625 0.065625 0.040625
3 0.10390625 0.76484375 0.134375 0.071875
3 0.05234375 0.8109375 0.1046875 0.0625
3 0.08203125 0.88828125 0.1640625 0.0828125
3 0.3890625 0.42890625 0.2296875 0.125
3 0.54453125 0.6625 0.39375 0.190625
3 0.59296875 0.29375 0.325 0.228125