3 0.675 0.37421875 0.06640625 0.1109375
1 0.9 0.61875 0.08359375 0.15546875
3 0.79375 0.321875 0.05390625 0.06640625
3 0.26484375 0.29609375 0.09609375 0.1484375
3 0.9640625 0.1625 0.071875 0.1625
3 0.76015625 0.21875 0.07109375 0.140625
3 0.96640625 0.75546875 0.06640625 0.10390625
3 0.81484375 0.60390625 0.07890625 0.140625
3 0.93984375 0.321875 0.1125 0.21484375
3 0.11640625 0.16640625 0.2328125 0.3328125
3 0.5125 0.1890625 0.11640625 0.15546875
3 0.0625 0.321875 0.10859375 0.18515625
3 0.60390625 0.3703125 0.08359375 0.1484375
3 0.31484375 0.51875 0.3375 0.35546875
3 0.44765625 0.821875 0.35390625 0.35546875
3 0.7125 0.07421875 0.21640625 0.1484375