3 0.540625 0.0515625 0.109375 0.103125
3 0.0375 0.63359375 0.075 0.12578125
1 0.35390625 0.4515625 0.1 0.178125
1 0.70390625 0.6703125 0.09140625 0.1703125
1 0.84140625 0.67421875 0.15 0.20703125
1 0.45390625 0.48125 0.10859375 0.1484375
1 0.55234375 0.540625 0.0875 0.1484375
3 0.64375 0.4515625 0.69609375 0.859375
3 0.34609375 0.8 0.11640625 0.20703125
3 0.02109375 0.8703125 0.04140625 0.259375
3 0.89375 0.121875 0.2125 0.24375
3 0.24375 0.21484375 0.12890625 0.20703125
3 0.11484375 0.78125 0.14609375 0.24453125
3 0.06875 0.23671875 0.1375 0.4296875
3 0.6125 0.73359375 0.175 0.28125