3 0.4875 0.63671875 0.06640625 0.178125
3 0.79765625 0.06328125 0.12890625 0.12578125
3 0.7 0.59296875 0.075 0.11875
3 0.57109375 0.64453125 0.08359375 0.11875
1 0.9828125 0.41796875 0.034375 0.1546875
3 0.084375 0.10703125 0.1375 0.2140625
3 0.96875 0.759375 0.0625 0.18515625
3 0.9640625 0.440625 0.071875 0.88125
3 0.37109375 0.859375 0.73359375 0.28125
3 0.90390625 0.1703125 0.13359375 0.20703125
3 0.41015625 0.25546875 0.1625 0.5109375
3 0.69375 0.2109375 0.2125 0.421875
3 0.77890625 0.7515625 0.14140625 0.259375
3 0.16875 0.6 0.3375 0.78515625