3 0.73359375 0.14765625 0.075 0.053125
3 0.859375 0.50625 0.134375 0.071875
3 0.3484375 0.00859375 0.134375 0.015625
3 0.86328125 0.27265625 0.15625 0.121875
3 0.89609375 0.73125 0.1625 0.1125
3 0.70390625 0.78359375 0.1484375 0.109375
3 0.74453125 0.0375 0.15625 0.075
3 0.4 0.77265625 0.20625 0.2375
3 0.478125 0.56015625 0.140625 0.078125
3 0.69609375 0.3625 0.1484375 0.084375
3 0.7515625 0.68359375 0.2 0.115625
3 0.978125 0.828125 0.04375 0.225
3 0.5484375 0.12109375 0.3109375 0.240625
3 0.20390625 0.20234375 0.40625 0.353125
3 0.95546875 0.45859375 0.0890625 0.209375