0 0.99375 0.953125 0.0125 0.09375
0 0.7703125 0.6734375 0.453125 0.284375
0 0.478125 0.3421875 0.18125 0.13125
0 0.175 0.31875 0.1875 0.171875
0 0.140625 0.8296875 0.203125 0.178125
0 0.8484375 0.953125 0.234375 0.09375
0 0.328125 0.0609375 0.15 0.121875
0 0.915625 0.1859375 0.16875 0.103125
0 0.6421875 0.246875 0.10625 0.115625
0 0.4609375 0.2015625 0.115625 0.0625
0 0.3109375 0.171875 0.096875 0.065625
0 0.928125 0.54375 0.14375 0.2
0 0.9609375 0.8703125 0.078125 0.071875
0 0.2265625 0.5 0.203125 0.13125
0 0.75 0.39375 0.15 0.0625