0 0.6046875 0.890625 0.25625 0.21875
0 0.2890625 0.8578125 0.1625 0.284375
0 0.13125 0.6453125 0.21875 0.28125
0 0.0796875 0.665625 0.159375 0.33125
0 0.0109375 0.7140625 0.021875 0.309375
0 0.03125 0.034375 0.0625 0.06875
0 0.4796875 0.2859375 0.2375 0.3375
0 0.7609375 0.4234375 0.246875 0.203125
0 0.13125 0.0890625 0.2625 0.178125
0 0.4734375 0.575 0.328125 0.34375
0 0.490625 0.01875 0.26875 0.0375
0 0.8859375 0.059375 0.228125 0.11875
0 0.8859375 0.74375 0.228125 0.18125
0 0.8125 0.81875 0.278125 0.303125
0 0.809375 0.9140625 0.290625 0.140625
0 0.0890625 0.3578125 0.178125 0.246875
0 0.23125 0.265625 0.215625 0.265625
0 0.9015625 0.2984375 0.196875 0.184375
0 0.746875 0.109375 0.225 0.21875