0 0.0828125 0.696875 0.165625 0.1625
0 0.2296875 0.76875 0.175 0.2375
0 0.478125 0.684375 0.165625 0.23125
0 0.6140625 0.7890625 0.171875 0.278125
0 0.5328125 0.953125 0.178125 0.09375
0 0.9296875 0.9609375 0.140625 0.078125
0 0.675 0.584375 0.159375 0.16875
0 0.3640625 0.4625 0.128125 0.165625
0 0.1859375 0.4890625 0.1375 0.18125
0 0.4625 0.1875 0.153125 0.125
0 0.4734375 0.0625 0.153125 0.125
0 0.040625 0.1234375 0.08125 0.203125
0 0.175 0.24375 0.115625 0.084375
0 0.1453125 0.159375 0.1125 0.1125
0 0.2109375 0.0203125 0.165625 0.040625
0 0.1171875 0.0390625 0.121875 0.078125
0 0.3125 0.2125 0.10625 0.14375
0 0.2953125 0.040625 0.153125 0.08125