0 0.0109375 0.91875 0.021875 0.1625
0 0.678125 0.2515625 0.153125 0.1
0 0.0328125 0.1125 0.065625 0.075
0 0.35625 0.159375 0.159375 0.1125
0 0.2296875 0.078125 0.115625 0.09375
0 0.128125 0.034375 0.140625 0.06875
0 0.78125 0.3359375 0.115625 0.14375
0 0.9171875 0.665625 0.103125 0.15
0 0.875 0.4875 0.146875 0.125
0 0.2046875 0.3921875 0.14375 0.096875
0 0.2921875 0.3109375 0.10625 0.084375
0 0.5640625 0.390625 0.140625 0.084375
0 0.615625 0.459375 0.15 0.0875
0 0.5203125 0.315625 0.146875 0.09375
0 0.3125 0.4734375 0.178125 0.134375
0 0.11875 0.1890625 0.171875 0.1
0 0.05625 0.4546875 0.1125 0.115625
0 0.09375 0.3140625 0.14375 0.071875
0 0.015625 0.1859375 0.03125 0.128125