0 0.96875 0.928125 0.0625 0.14375
0 0.9140625 0.7234375 0.171875 0.171875
0 0.86875 0.971875 0.2625 0.05625
0 0.9625 0.5171875 0.075 0.196875
0 0.9234375 0.3578125 0.153125 0.215625
0 0.9796875 0.3890625 0.040625 0.190625
0 0.509375 0.953125 0.26875 0.09375
0 0.1140625 0.99375 0.228125 0.0125
0 0.659375 0.7265625 0.3875 0.146875
0 0.253125 0.9796875 0.225 0.040625
0 0.9671875 0.1515625 0.065625 0.184375
0 0.6921875 0.2828125 0.16875 0.071875
0 0.6953125 0.3875 0.15 0.09375
0 0.678125 0.509375 0.19375 0.153125