0 0.3953125 0.890625 0.25625 0.21875
0 0.7109375 0.8578125 0.1625 0.284375
0 0.86875 0.6453125 0.21875 0.28125
0 0.9203125 0.665625 0.159375 0.33125
0 0.9890625 0.7140625 0.021875 0.309375
0 0.96875 0.034375 0.0625 0.06875
0 0.5203125 0.2859375 0.2375 0.3375
0 0.2390625 0.4234375 0.246875 0.203125
0 0.86875 0.0890625 0.2625 0.178125
0 0.5265625 0.575 0.328125 0.34375
0 0.509375 0.01875 0.26875 0.0375
0 0.1140625 0.059375 0.228125 0.11875
0 0.1140625 0.74375 0.228125 0.18125
0 0.1875 0.81875 0.278125 0.303125
0 0.190625 0.9140625 0.290625 0.140625
0 0.9109375 0.3578125 0.178125 0.246875
0 0.76875 0.265625 0.215625 0.265625
0 0.0984375 0.2984375 0.196875 0.184375
0 0.253125 0.109375 0.225 0.21875