0 0.5359375 0.3015625 0.225 0.234375
0 0.1828125 0.53125 0.259375 0.26875
0 0.4546875 0.7234375 0.096875 0.20625
0 0.190625 0.8625 0.140625 0.234375
0 0.61875 0.74375 0.13125 0.2625
0 0.7359375 0.684375 0.125 0.30625
0 0.3453125 0.09375 0.259375 0.1875
0 0.18125 0.0125 0.3375 0.025
0 0.8390625 0.1453125 0.153125 0.21875
0 0.7328125 0.0859375 0.134375 0.171875
0 0.9578125 0.15 0.084375 0.3
0 0.909375 0.5296875 0.09375 0.2
0 0.7078125 0.3921875 0.175 0.246875
0 0.0921875 0.1875 0.165625 0.140625
0 0.11875 0.328125 0.2375 0.175