0 0.6640625 0.9640625 0.215625 0.071875
0 0.9796875 0.875 0.040625 0.25
0 0.871875 0.73125 0.146875 0.246875
0 0.51875 0.58125 0.2375 0.134375
0 0.328125 0.375 0.115625 0.265625
0 0.125 0.3953125 0.20625 0.259375
0 0.1375 0.1421875 0.221875 0.19375
0 0.0578125 0.6046875 0.115625 0.378125
0 0.09375 0.9296875 0.1875 0.140625
0 0.2453125 0.740625 0.178125 0.19375
0 0.540625 0.1625 0.14375 0.21875
0 0.3640625 0.0734375 0.128125 0.146875
0 0.7125 0.2625 0.121875 0.1375
0 0.6109375 0.2859375 0.15 0.178125
0 0.703125 0.4671875 0.1875 0.25625
0 0.89375 0.4046875 0.14375 0.21875
0 0.2671875 0.9125 0.215625 0.175
0 0.5 0.7890625 0.196875 0.19375
0 0.7140625 0.053125 0.159375 0.10625
0 0.8328125 0.1875 0.140625 0.240625
0 0.3921875 0.2765625 0.121875 0.178125
0 0.959375 0.56875 0.08125 0.25625