0 0.4296875 0.371875 0.215625 0.1625
0 0.634375 0.3 0.178125 0.125
0 0.5734375 0.1453125 0.215625 0.084375
0 0.7109375 0.1515625 0.1625 0.184375
0 0.2578125 0.309375 0.13125 0.125
0 0.840625 0.4015625 0.2125 0.20625
0 0.6359375 0.4484375 0.15625 0.240625
0 0.0640625 0.1390625 0.128125 0.278125
0 0.7484375 0.6578125 0.19375 0.125
0 0.5265625 0.7953125 0.1875 0.134375
0 0.371875 0.95625 0.1625 0.0875
0 0.9578125 0.1359375 0.084375 0.146875
0 0.621875 0.953125 0.125 0.09375
0 0.8046875 0.8546875 0.16875 0.11875
0 0.9953125 0.84375 0.009375 0.1875
0 0.965625 0.378125 0.06875 0.3
0 0.2671875 0.990625 0.134375 0.01875
0 0.1296875 0.403125 0.084375 0.18125
0 0.2734375 0.634375 0.153125 0.178125
0 0.103125 0.55625 0.115625 0.18125
0 0.05 0.3625 0.1 0.125
0 0.4875 0.546875 0.125 0.128125
0 0.959375 0.0390625 0.08125 0.078125
0 0.9859375 0.615625 0.028125 0.125
0 0.9984375 0.6625 0.003125 0.15625