0 0.0703125 0.4921875 0.103125 0.159375
0 0.0484375 0.653125 0.096875 0.24375
0 0.1265625 0.6671875 0.10625 0.1875
0 0.25625 0.6109375 0.15 0.15625
0 0.2328125 0.45 0.1 0.175
0 0.14375 0.4109375 0.225 0.15
0 0.121875 0.9421875 0.15625 0.115625
0 0.03125 0.94375 0.0625 0.1125
0 0.44375 0.8125 0.203125 0.20625
0 0.053125 0.8625 0.10625 0.2125
0 0.0359375 0.175 0.071875 0.125
0 0.0109375 0.0625 0.021875 0.10625
0 0.175 0.1765625 0.08125 0.11875
0 0.2171875 0.05 0.09375 0.1
0 0.33125 0.2359375 0.0875 0.165625
0 0.25625 0.196875 0.078125 0.171875
0 0.4828125 0.5890625 0.23125 0.221875