0 0.2625 0.953125 0.525 0.09375
0 0.671875 0.7765625 0.290625 0.21875
0 0.290625 0.15625 0.20625 0.2125
0 0.9421875 0.3125 0.115625 0.16875
0 0.803125 0.0640625 0.165625 0.128125
0 0.5828125 0.1125 0.15 0.096875
0 0.659375 0.365625 0.121875 0.096875
0 0.8203125 0.4453125 0.13125 0.103125
0 0.00625 0.1859375 0.0125 0.103125
0 0.003125 0.54375 0.00625 0.2
0 0.1953125 0.3953125 0.1125 0.109375
0 0.1359375 0.2375 0.075 0.090625
0 0.090625 0.603125 0.125 0.078125
0 0.0484375 0.8703125 0.096875 0.071875
0 0.5 0.796875 0.1125 0.121875
0 0.34375 0.828125 0.08125 0.13125