0 0.90625 0.25625 0.1875 0.15625
0 0.246875 0.1078125 0.240625 0.20625
0 0.7921875 0.35 0.278125 0.14375
0 0.7375 0.265625 0.24375 0.15625
0 0.5765625 0.3578125 0.33125 0.20625
0 0.9609375 0.396875 0.078125 0.0875
0 0.2453125 0.4328125 0.2125 0.184375
0 0.0703125 0.5015625 0.140625 0.153125
0 0.978125 0.615625 0.04375 0.15625
0 0.5859375 0.990625 0.228125 0.01875
0 0.5765625 0.8390625 0.26875 0.11875
0 0.8546875 0.8984375 0.2125 0.125
0 0.63125 0.671875 0.38125 0.14375
0 0.88125 0.99375 0.2375 0.0125
0 0.246875 0.9265625 0.21875 0.146875
0 0.35 0.7375 0.253125 0.11875
0 0.309375 0.625 0.234375 0.15
0 0.059375 0.109375 0.11875 0.21875
0 0.296875 0.284375 0.128125 0.21875
0 0.10625 0.846875 0.19375 0.128125
0 0.0515625 0.9421875 0.103125 0.115625
0 0.0734375 0.9984375 0.140625 0.003125
0 0.1109375 0.6171875 0.203125 0.08125
0 0.128125 0.7359375 0.2 0.0875
0 0.60625 0.54375 0.309375 0.140625
0 0.89375 0.521875 0.196875 0.121875
0 0.98125 0.484375 0.0375 0.0875
0 0.409375 0.9609375 0.15625 0.078125
0 0.8453125 0.803125 0.221875 0.096875