0 0.7609375 0.503125 0.28125 0.21875
0 0.3421875 0.5078125 0.271875 0.19375
0 0.534375 0.3765625 0.20625 0.11875
0 0.23125 0.3109375 0.165625 0.103125
0 0.1015625 0.69375 0.1125 0.18125
0 0.0671875 0.4640625 0.1 0.159375
0 0.9609375 0.3234375 0.078125 0.153125
0 0.828125 0.328125 0.24375 0.140625
0 0.925 0.196875 0.15 0.1875
0 0.9859375 0.5046875 0.028125 0.146875
0 0.8953125 0.6328125 0.209375 0.153125
0 0.9390625 0.790625 0.121875 0.18125
0 0.9234375 0.9890625 0.153125 0.021875
0 0.9796875 0.940625 0.040625 0.11875
0 0.7 0.890625 0.15 0.1
0 0.446875 0.9015625 0.1875 0.134375
0 0.4328125 0.9890625 0.159375 0.021875
0 0.7421875 0.9390625 0.334375 0.121875