0 0.628125 0.5703125 0.1625 0.215625
0 0.7 0.365625 0.125 0.178125
0 0.8546875 0.4265625 0.084375 0.215625
0 0.8484375 0.2890625 0.184375 0.1625
0 0.690625 0.7421875 0.125 0.13125
0 0.5984375 0.159375 0.20625 0.2125
0 0.5515625 0.3640625 0.240625 0.15625
0 0.8609375 0.9359375 0.278125 0.128125
0 0.3421875 0.2515625 0.125 0.19375
0 0.2046875 0.4734375 0.134375 0.1875
0 0.04375 0.628125 0.0875 0.1625
0 0.8640625 0.0421875 0.146875 0.084375
0 0.046875 0.378125 0.09375 0.125
0 0.1453125 0.1953125 0.11875 0.16875
0 0.15625 0.0046875 0.1875 0.009375
0 0.621875 0.034375 0.3 0.06875
0 0.009375 0.7328125 0.01875 0.134375
0 0.596875 0.8703125 0.18125 0.084375
0 0.365625 0.7265625 0.178125 0.153125
0 0.44375 0.896875 0.18125 0.115625
0 0.6375 0.95 0.125 0.1
0 0.453125 0.5125 0.128125 0.125
0 0.9609375 0.040625 0.078125 0.08125
0 0.384375 0.0140625 0.125 0.028125
0 0.3375 0.0015625 0.15625 0.003125