0 0.415625 0.66875 0.309375 0.271875
0 0.1015625 0.8296875 0.203125 0.31875
0 0.8234375 0.715625 0.353125 0.35625
0 0.1296875 0.3890625 0.259375 0.34375
0 0.9953125 0.7546875 0.009375 0.203125
0 0.246875 0.19375 0.246875 0.25
0 0.4546875 0.1015625 0.253125 0.203125
0 0.478125 0.403125 0.278125 0.315625
0 0.7875 0.465625 0.29375 0.190625
0 0.759375 0.1515625 0.171875 0.16875
0 0.703125 0.0765625 0.18125 0.153125
0 0.9296875 0.9484375 0.140625 0.103125
0 0.34375 0.8984375 0.29375 0.203125
0 0.9578125 0.1984375 0.084375 0.159375
0 0.9265625 0.309375 0.146875 0.20625
0 0.928125 0.0390625 0.14375 0.078125