0 0.11875 0.5265625 0.2375 0.234375
0 0.071875 0.971875 0.14375 0.05625
0 0.5390625 0.6078125 0.196875 0.234375
0 0.771875 0.7953125 0.125 0.1125
0 0.4625 0.853125 0.128125 0.103125
0 0.615625 0.8390625 0.14375 0.1375
0 0.128125 0.14375 0.11875 0.165625
0 0.0859375 0.3390625 0.171875 0.153125
0 0.6234375 0.9953125 0.121875 0.009375
0 0.2125 0.9 0.128125 0.15
0 0.3578125 0.9546875 0.103125 0.090625
0 0.34375 0.7515625 0.09375 0.121875
0 0.1140625 0.7421875 0.11875 0.1125
0 0.3140625 0.50625 0.075 0.128125
0 0.021875 0.0625 0.04375 0.125