0 0.303125 0.9171875 0.1625 0.165625
0 0.23125 0.7703125 0.2375 0.175
0 0.315625 0.521875 0.23125 0.165625
0 0.2109375 0.3859375 0.278125 0.171875
0 0.046875 0.4671875 0.09375 0.178125
0 0.0390625 0.0703125 0.078125 0.140625
0 0.415625 0.325 0.16875 0.159375
0 0.5375 0.6359375 0.165625 0.128125
0 0.5109375 0.8140625 0.18125 0.1375
0 0.8125 0.5375 0.125 0.153125
0 0.9375 0.5265625 0.125 0.153125
0 0.8765625 0.959375 0.203125 0.08125
0 0.75625 0.825 0.084375 0.115625
0 0.840625 0.8546875 0.1125 0.1125
0 0.9796875 0.7890625 0.040625 0.165625
0 0.9609375 0.8828125 0.078125 0.121875
0 0.7875 0.6875 0.14375 0.10625
0 0.959375 0.7046875 0.08125 0.153125