0 0.4140625 0.1203125 0.378125 0.240625
0 0.8609375 0.3671875 0.278125 0.35625
0 0.1984375 0.1734375 0.396875 0.296875
0 0.2 0.509375 0.4 0.18125
0 0.353125 0.71875 0.334375 0.203125
0 0.26875 0.8875 0.353125 0.209375
0 0.8265625 0.978125 0.346875 0.04375
0 0.696875 0.8828125 0.390625 0.21875
0 0.490625 0.4984375 0.2375 0.234375
0 0.5859375 0.334375 0.2375 0.221875
0 0.28125 0.984375 0.3 0.03125
0 0.4890625 0.95625 0.296875 0.0875
0 0.0734375 0.7953125 0.146875 0.365625
0 0.609375 0.6875 0.4125 0.215625