0 0.1203125 0.5859375 0.240625 0.378125
0 0.3671875 0.1390625 0.35625 0.278125
0 0.1734375 0.8015625 0.296875 0.396875
0 0.509375 0.8 0.18125 0.4
0 0.71875 0.646875 0.203125 0.334375
0 0.8875 0.73125 0.209375 0.353125
0 0.978125 0.1734375 0.04375 0.346875
0 0.8828125 0.303125 0.21875 0.390625
0 0.4984375 0.509375 0.234375 0.2375
0 0.334375 0.4140625 0.221875 0.2375
0 0.984375 0.71875 0.03125 0.3
0 0.95625 0.5109375 0.0875 0.296875
0 0.7953125 0.9265625 0.365625 0.146875
0 0.6875 0.390625 0.215625 0.4125