0 0.5625 0.9984375 0.1625 0.003125
0 0.8984375 0.928125 0.203125 0.14375
0 0.978125 0.7234375 0.04375 0.171875
0 0.996875 0.971875 0.00625 0.05625
0 0.6515625 0.6078125 0.271875 0.24375
0 0.4765625 0.653125 0.24375 0.259375
0 0.434375 0.8296875 0.175 0.271875
0 0.921875 0.5171875 0.15625 0.196875
0 0.9734375 0.3578125 0.053125 0.215625
0 0.91875 0.3890625 0.1625 0.190625
0 0.43125 0.3375 0.1875 0.175
0 0.71875 0.9234375 0.2 0.153125
0 0.246875 0.2125 0.121875 0.209375
0 0.928125 0.1515625 0.14375 0.184375
0 0.1140625 0.103125 0.125 0.15