0 0.921875 0.3796875 0.15625 0.240625
0 0.8828125 0.6765625 0.1875 0.134375
0 0.4 0.6125 0.315625 0.1
0 0.5 0.5125 0.3375 0.15
0 0.3515625 0.3921875 0.234375 0.26875
0 0.2140625 0.2859375 0.359375 0.31875
0 0.8640625 0.9671875 0.146875 0.065625
0 0.484375 0.8328125 0.16875 0.20625
0 0.634375 0.7015625 0.2125 0.209375
0 0.2515625 0.7484375 0.203125 0.18125
0 0.15625 0.9375 0.1875 0.125
0 0.05 0.3703125 0.1 0.278125
0 0.621875 0.9109375 0.3 0.178125
0 0.9015625 0.8765625 0.178125 0.09375
0 0.9609375 0.975 0.078125 0.05
0 0.384375 0.9765625 0.125 0.046875
0 0.3375 0.921875 0.15625 0.15625