0 0.6609375 0.884375 0.165625 0.23125
0 0.23125 0.865625 0.16875 0.26875
0 0.0390625 0.9546875 0.078125 0.090625
0 0.7234375 0.503125 0.215625 0.159375
0 0.809375 0.3484375 0.215625 0.2125
0 0.465625 0.1828125 0.134375 0.19375
0 0.4328125 0.2984375 0.2125 0.146875
0 0.6984375 0.153125 0.121875 0.18125
0 0.5875 0.1875 0.13125 0.15
0 0.975 0.653125 0.05 0.24375
0 0.075 0.540625 0.15 0.25
0 0.36875 0.5296875 0.209375 0.26875
0 0.55625 0.44375 0.2 0.178125
0 0.55 0.65625 0.153125 0.196875
0 0.884375 0.6015625 0.071875 0.21875
0 0.953125 0.94375 0.09375 0.1125
0 0.915625 0.8625 0.16875 0.2125
0 0.80625 0.78125 0.115625 0.175
0 0.43125 0.80625 0.128125 0.196875
0 0.1828125 0.3828125 0.125 0.221875
0 0.928125 0.259375 0.1125 0.19375
0 0.9953125 0.175 0.009375 0.125
0 0.9796875 0.0625 0.040625 0.10625