0 0.115625 0.6609375 0.23125 0.165625
0 0.134375 0.23125 0.26875 0.16875
0 0.0453125 0.0390625 0.090625 0.078125
0 0.496875 0.7234375 0.159375 0.215625
0 0.6515625 0.809375 0.2125 0.215625
0 0.8171875 0.465625 0.19375 0.134375
0 0.7015625 0.4328125 0.146875 0.2125
0 0.846875 0.6984375 0.18125 0.121875
0 0.8125 0.5875 0.15 0.13125
0 0.346875 0.975 0.24375 0.05
0 0.459375 0.075 0.25 0.15
0 0.4703125 0.36875 0.26875 0.209375
0 0.55625 0.55625 0.178125 0.2
0 0.34375 0.55 0.196875 0.153125
0 0.3984375 0.884375 0.21875 0.071875
0 0.05625 0.953125 0.1125 0.09375
0 0.1375 0.915625 0.2125 0.16875
0 0.21875 0.80625 0.175 0.115625
0 0.19375 0.43125 0.196875 0.128125
0 0.6171875 0.1828125 0.221875 0.125
0 0.740625 0.928125 0.19375 0.1125
0 0.825 0.9953125 0.125 0.009375
0 0.9375 0.9796875 0.10625 0.040625