0 0.6203125 0.078125 0.240625 0.15625
0 0.3234375 0.1171875 0.134375 0.1875
0 0.3875 0.6 0.1 0.315625
0 0.4875 0.5 0.15 0.3375
0 0.6078125 0.6484375 0.26875 0.234375
0 0.7140625 0.7859375 0.31875 0.359375
0 0.0328125 0.1359375 0.065625 0.146875
0 0.1671875 0.515625 0.20625 0.16875
0 0.2984375 0.365625 0.209375 0.2125
0 0.2515625 0.7484375 0.18125 0.203125
0 0.0625 0.84375 0.125 0.1875
0 0.6296875 0.95 0.278125 0.1
0 0.0890625 0.378125 0.178125 0.3
0 0.1234375 0.0984375 0.09375 0.178125
0 0.025 0.0390625 0.05 0.078125
0 0.0234375 0.615625 0.046875 0.125
0 0.078125 0.6625 0.15625 0.15625