0 0.115625 0.7171875 0.23125 0.565625
0 0.790625 0.7734375 0.165625 0.125
0 0.534375 0.6046875 0.125 0.11875
0 0.534375 0.109375 0.225 0.21875
0 0.3296875 0.759375 0.1875 0.10625
0 0.3484375 0.9703125 0.221875 0.059375
0 0.03125 0.79375 0.0625 0.1125
0 0.303125 0.246875 0.125 0.10625
0 0.3328125 0.096875 0.15625 0.165625
0 0.4328125 0.3625 0.15 0.1625
0 0.303125 0.465625 0.1 0.090625
0 0.3703125 0.5953125 0.115625 0.109375
0 0.9609375 0.5640625 0.078125 0.1375
0 0.875 0.0609375 0.1625 0.121875
0 0.11875 0.3109375 0.1375 0.128125