0 0.6078125 0.346875 0.19375 0.26875
0 0.175 0.9578125 0.18125 0.084375
0 0.184375 0.6984375 0.165625 0.1125
0 0.446875 0.8359375 0.13125 0.15
0 0.778125 0.396875 0.184375 0.171875
0 0.6921875 0.175 0.19375 0.175
0 0.7953125 0.0515625 0.178125 0.103125
0 0.91875 0.1109375 0.11875 0.196875
0 0.971875 0.05 0.05625 0.1
0 0.5203125 0.096875 0.159375 0.19375
0 0.4078125 0.5765625 0.18125 0.1375
0 0.4171875 0.709375 0.14375 0.153125
0 0.8921875 0.2390625 0.1875 0.159375
0 0.54375 0.6640625 0.1375 0.18125