0 0.228125 0.0203125 0.1875 0.040625
0 0.409375 0.4453125 0.278125 0.15625
0 0.8703125 0.5640625 0.259375 0.696875
0 0.7609375 0.13125 0.253125 0.2625
0 0.690625 0.915625 0.25625 0.16875
0 0.5796875 0.70625 0.153125 0.15
0 0.603125 0.8328125 0.20625 0.125
0 0.1734375 0.3453125 0.26875 0.45625
0 0.4109375 0.04375 0.190625 0.0875
0 0.378125 0.74375 0.115625 0.18125
0 0.096875 0.7953125 0.165625 0.2
0 0.5484375 0.29375 0.1875 0.1375
0 0.66875 0.221875 0.20625 0.24375
0 0.0109375 0.6265625 0.021875 0.140625