0 0.7671875 0.0015625 0.465625 0.003125
0 0.7234375 0.15625 0.33125 0.175
0 0.8140625 0.3953125 0.371875 0.265625
0 0.415625 0.315625 0.415625 0.2125
0 0.3015625 0.4640625 0.409375 0.221875
0 0.75 0.7953125 0.30625 0.240625
0 0.38125 0.8109375 0.31875 0.21875
0 0.128125 0.7734375 0.23125 0.234375
0 0.3625 0.06875 0.3 0.1375
0 0.134375 0.1546875 0.26875 0.18125
0 0.4765625 0.6515625 0.2875 0.20625
0 0.1984375 0.9375 0.3375 0.125
0 0.05625 0.4125 0.078125 0.11875
0 0.6015625 0.915625 0.39375 0.16875