0 0.88125 0.5265625 0.2375 0.234375
0 0.928125 0.971875 0.14375 0.05625
0 0.4609375 0.6078125 0.196875 0.234375
0 0.228125 0.7953125 0.125 0.1125
0 0.5375 0.853125 0.128125 0.103125
0 0.384375 0.8390625 0.14375 0.1375
0 0.871875 0.14375 0.11875 0.165625
0 0.9140625 0.3390625 0.171875 0.153125
0 0.3765625 0.9953125 0.121875 0.009375
0 0.7875 0.9 0.128125 0.15
0 0.6421875 0.9546875 0.103125 0.090625
0 0.65625 0.7515625 0.09375 0.121875
0 0.8859375 0.7421875 0.11875 0.1125
0 0.6859375 0.50625 0.075 0.128125
0 0.978125 0.0625 0.04375 0.125