0 0.2109375 0.471875 0.203125 0.20625
0 0.5578125 0.7546875 0.19375 0.23125
0 0.228125 0.8703125 0.1875 0.259375
0 0.8015625 0.1546875 0.396875 0.309375
0 0.859375 0.446875 0.28125 0.3375
0 0.7609375 0.953125 0.253125 0.09375
0 0.0421875 0.071875 0.084375 0.14375
0 0.496875 0.09375 0.16875 0.1875
0 0.6171875 0.44375 0.165625 0.234375
0 0.4109375 0.9578125 0.190625 0.084375
0 0.0203125 0.359375 0.040625 0.18125
0 0.4359375 0.2375 0.115625 0.15625
0 0.0453125 0.765625 0.090625 0.18125
0 0.184375 0.35 0.165625 0.146875
0 0.675 0.696875 0.184375 0.275