0 0.471875 0.7890625 0.20625 0.203125
0 0.7546875 0.4421875 0.23125 0.19375
0 0.8703125 0.771875 0.259375 0.1875
0 0.1546875 0.1984375 0.309375 0.396875
0 0.446875 0.140625 0.3375 0.28125
0 0.953125 0.2390625 0.09375 0.253125
0 0.071875 0.9578125 0.14375 0.084375
0 0.09375 0.503125 0.1875 0.16875
0 0.44375 0.3828125 0.234375 0.165625
0 0.9578125 0.5890625 0.084375 0.190625
0 0.359375 0.9796875 0.18125 0.040625
0 0.2375 0.5640625 0.15625 0.115625
0 0.765625 0.9546875 0.18125 0.090625
0 0.35 0.815625 0.146875 0.165625
0 0.696875 0.325 0.275 0.184375