0 0.4375 0.9984375 0.1625 0.003125
0 0.1015625 0.928125 0.203125 0.14375
0 0.021875 0.7234375 0.04375 0.171875
0 0.003125 0.971875 0.00625 0.05625
0 0.3484375 0.6078125 0.271875 0.24375
0 0.5234375 0.653125 0.24375 0.259375
0 0.565625 0.8296875 0.175 0.271875
0 0.078125 0.5171875 0.15625 0.196875
0 0.0265625 0.3578125 0.053125 0.215625
0 0.08125 0.3890625 0.1625 0.190625
0 0.56875 0.3375 0.1875 0.175
0 0.28125 0.9234375 0.2 0.153125
0 0.753125 0.2125 0.121875 0.209375
0 0.071875 0.1515625 0.14375 0.184375
0 0.8859375 0.103125 0.125 0.15