0 0.0203125 0.771875 0.040625 0.1875
0 0.4453125 0.590625 0.15625 0.278125
0 0.5640625 0.1296875 0.696875 0.259375
0 0.13125 0.2390625 0.2625 0.253125
0 0.915625 0.309375 0.16875 0.25625
0 0.70625 0.4203125 0.15 0.153125
0 0.8328125 0.396875 0.125 0.20625
0 0.3453125 0.8265625 0.45625 0.26875
0 0.04375 0.5890625 0.0875 0.190625
0 0.74375 0.621875 0.18125 0.115625
0 0.7953125 0.903125 0.2 0.165625
0 0.29375 0.4515625 0.1375 0.1875
0 0.221875 0.33125 0.24375 0.20625
0 0.6265625 0.9890625 0.140625 0.021875