0 0.5078125 0.0703125 0.159375 0.103125
0 0.346875 0.0484375 0.24375 0.096875
0 0.3328125 0.1265625 0.1875 0.10625
0 0.3890625 0.25625 0.15625 0.15
0 0.55 0.2328125 0.175 0.1
0 0.5890625 0.14375 0.15 0.225
0 0.0578125 0.121875 0.115625 0.15625
0 0.05625 0.03125 0.1125 0.0625
0 0.1875 0.44375 0.20625 0.203125
0 0.1375 0.053125 0.2125 0.10625
0 0.825 0.0359375 0.125 0.071875
0 0.9375 0.0109375 0.10625 0.021875
0 0.8234375 0.175 0.11875 0.08125
0 0.95 0.2171875 0.1 0.09375
0 0.7640625 0.33125 0.165625 0.0875
0 0.803125 0.25625 0.171875 0.078125
0 0.4109375 0.4828125 0.221875 0.23125