0 0.884375 0.7171875 0.23125 0.565625
0 0.209375 0.7734375 0.165625 0.125
0 0.465625 0.6046875 0.125 0.11875
0 0.465625 0.109375 0.225 0.21875
0 0.6703125 0.759375 0.1875 0.10625
0 0.6515625 0.9703125 0.221875 0.059375
0 0.96875 0.79375 0.0625 0.1125
0 0.696875 0.246875 0.125 0.10625
0 0.6671875 0.096875 0.15625 0.165625
0 0.5671875 0.3625 0.15 0.1625
0 0.696875 0.465625 0.1 0.090625
0 0.6296875 0.5953125 0.115625 0.109375
0 0.0390625 0.5640625 0.078125 0.1375
0 0.125 0.0609375 0.1625 0.121875
0 0.88125 0.3109375 0.1375 0.128125