0 0.25625 0.50625 0.346875 0.225
0 0.5484375 0.3203125 0.2 0.13125
0 0.5203125 0.1609375 0.25625 0.159375
0 0.2828125 0.1859375 0.359375 0.13125
0 0.253125 0.08125 0.228125 0.109375
0 0.5859375 0.05 0.228125 0.1
0 0.89375 0.1515625 0.2125 0.134375
0 0.88125 0.046875 0.2375 0.09375
0 0.246875 0.009375 0.21875 0.01875
0 0.9390625 0.3671875 0.121875 0.090625
0 0.9515625 0.2734375 0.096875 0.103125
0 0.66875 0.659375 0.175 0.140625
0 0.9890625 0.578125 0.021875 0.09375
0 0.9328125 0.5078125 0.134375 0.078125
0 0.95 0.5515625 0.1 0.103125
0 0.9984375 0.4421875 0.003125 0.071875
0 0.84375 0.4578125 0.159375 0.121875
0 0.78125 0.359375 0.15 0.146875
0 0.0515625 0.0046875 0.103125 0.009375
0 0.0734375 0.0671875 0.140625 0.134375
0 0.409375 0.0265625 0.15625 0.053125
0 0.6640625 0.4953125 0.184375 0.13125