0 0.653125 0.3921875 0.26875 0.19375
0 0.0421875 0.825 0.084375 0.18125
0 0.3015625 0.815625 0.1125 0.165625
0 0.1640625 0.553125 0.15 0.13125
0 0.603125 0.221875 0.171875 0.184375
0 0.825 0.3078125 0.175 0.19375
0 0.9484375 0.2046875 0.103125 0.178125
0 0.8890625 0.08125 0.196875 0.11875
0 0.95 0.028125 0.1 0.05625
0 0.903125 0.4796875 0.19375 0.159375
0 0.4234375 0.5921875 0.1375 0.18125
0 0.290625 0.5828125 0.153125 0.14375
0 0.7609375 0.1078125 0.159375 0.1875
0 0.3359375 0.45625 0.18125 0.1375