0 0.0359375 0.6640625 0.071875 0.215625
0 0.125 0.9796875 0.25 0.040625
0 0.26875 0.871875 0.246875 0.146875
0 0.41875 0.51875 0.134375 0.2375
0 0.625 0.328125 0.265625 0.115625
0 0.6046875 0.125 0.259375 0.20625
0 0.8578125 0.1375 0.19375 0.221875
0 0.3953125 0.0578125 0.378125 0.115625
0 0.0703125 0.09375 0.140625 0.1875
0 0.259375 0.2453125 0.19375 0.178125
0 0.8375 0.540625 0.21875 0.14375
0 0.9265625 0.3640625 0.146875 0.128125
0 0.7375 0.7125 0.1375 0.121875
0 0.7140625 0.6109375 0.178125 0.15
0 0.5328125 0.703125 0.25625 0.1875
0 0.5953125 0.89375 0.21875 0.14375
0 0.0875 0.2671875 0.175 0.215625
0 0.2109375 0.5 0.19375 0.196875
0 0.946875 0.7140625 0.10625 0.159375
0 0.8125 0.8328125 0.240625 0.140625
0 0.7234375 0.3921875 0.178125 0.121875
0 0.43125 0.959375 0.25625 0.08125