0 0.496875 0.7609375 0.21875 0.28125
0 0.4921875 0.3421875 0.19375 0.271875
0 0.6234375 0.534375 0.11875 0.20625
0 0.6890625 0.23125 0.103125 0.165625
0 0.30625 0.1015625 0.18125 0.1125
0 0.5359375 0.0671875 0.159375 0.1
0 0.6765625 0.9609375 0.153125 0.078125
0 0.671875 0.828125 0.140625 0.24375
0 0.803125 0.925 0.1875 0.15
0 0.4953125 0.9859375 0.146875 0.028125
0 0.3671875 0.8953125 0.153125 0.209375
0 0.209375 0.9390625 0.18125 0.121875
0 0.0109375 0.9234375 0.021875 0.153125
0 0.059375 0.9796875 0.11875 0.040625
0 0.109375 0.7 0.1 0.15
0 0.0984375 0.446875 0.134375 0.1875
0 0.0109375 0.4328125 0.021875 0.159375
0 0.0609375 0.7421875 0.121875 0.334375