0 0.9890625 0.91875 0.021875 0.1625
0 0.321875 0.2515625 0.153125 0.1
0 0.9671875 0.1125 0.065625 0.075
0 0.64375 0.159375 0.159375 0.1125
0 0.7703125 0.078125 0.115625 0.09375
0 0.871875 0.034375 0.140625 0.06875
0 0.21875 0.3359375 0.115625 0.14375
0 0.0828125 0.665625 0.103125 0.15
0 0.125 0.4875 0.146875 0.125
0 0.7953125 0.3921875 0.14375 0.096875
0 0.7078125 0.3109375 0.10625 0.084375
0 0.4359375 0.390625 0.140625 0.084375
0 0.384375 0.459375 0.15 0.0875
0 0.4796875 0.315625 0.146875 0.09375
0 0.6875 0.4734375 0.178125 0.134375
0 0.88125 0.1890625 0.171875 0.1
0 0.94375 0.4546875 0.1125 0.115625
0 0.90625 0.3140625 0.14375 0.071875
0 0.984375 0.1859375 0.03125 0.128125