0 0.74375 0.0203125 0.1875 0.040625
0 0.534375 0.0421875 0.15 0.084375
0 0.13125 0.16875 0.15 0.3
0 0.1125 0.6359375 0.225 0.384375
0 0.4421875 0.5375 0.259375 0.384375
0 0.6375 0.6203125 0.290625 0.353125
0 0.55625 0.9171875 0.29375 0.165625
0 0.31875 0.884375 0.26875 0.225
0 0.9078125 0.365625 0.184375 0.2125
0 0.946875 0.1390625 0.10625 0.265625
0 0.7 0.21875 0.165625 0.321875
0 0.9359375 0.6609375 0.128125 0.321875
0 0.990625 0.0453125 0.01875 0.090625
0 0.309375 0.428125 0.2 0.29375
0 0.2703125 0.11875 0.271875 0.2375
0 0.428125 0.18125 0.128125 0.325