0 0.246875 0.8171875 0.359375 0.334375
0 0.03125 0.365625 0.0625 0.2125
0 0.103125 0.1390625 0.20625 0.265625
0 0.7203125 0.303125 0.23125 0.409375
0 0.70625 0.7453125 0.20625 0.425
0 0.5296875 0.753125 0.165625 0.3875
0 0.9140625 0.3453125 0.171875 0.628125
0 0.0421875 0.6609375 0.084375 0.321875
0 0.259375 0.478125 0.25 0.3125
0 0.309375 0.1203125 0.29375 0.240625
0 0.128125 0.0453125 0.25625 0.090625
0 0.434375 0.4609375 0.159375 0.359375
0 0.490625 0.1140625 0.1875 0.228125
0 0.896875 0.0328125 0.20625 0.065625