0 0.9234375 0.403125 0.153125 0.2
0 0.6546875 0.2 0.1375 0.15625
0 0.5375 0.3515625 0.11875 0.084375
0 0.396875 0.31875 0.16875 0.11875
0 0.1640625 0.3453125 0.175 0.125
0 0.2484375 0.7875 0.25625 0.2625
0 0.790625 0.896875 0.14375 0.09375
0 0.8 0.6734375 0.10625 0.09375
0 0.621875 0.48125 0.1875 0.140625
0 0.6234375 0.9703125 0.140625 0.059375
0 0.1109375 0.73125 0.140625 0.09375
0 0.35625 0.43125 0.0875 0.09375
0 0.5953125 0.69375 0.128125 0.1
0 0.509375 0.6921875 0.1 0.0875
0 0.609375 0.046875 0.08125 0.09375
0 0.8953125 0.615625 0.209375 0.16875
0 0.428125 0.4703125 0.09375 0.090625
0 0.9390625 0.0609375 0.121875 0.121875