0 0.596875 0.00625 0.2 0.0125
0 0.071875 0.2171875 0.14375 0.240625
0 0.35 0.2796875 0.121875 0.13125
0 0.3296875 0.5640625 0.134375 0.153125
0 0.4015625 0.453125 0.134375 0.1
0 0.484375 0.503125 0.1125 0.146875
0 0.68125 0.590625 0.128125 0.1
0 0.8328125 0.2828125 0.11875 0.08125
0 0.70625 0.4828125 0.084375 0.08125
0 0.4140625 0.6546875 0.153125 0.146875
0 0.096875 0.375 0.115625 0.08125
0 0.384375 0.009375 0.16875 0.01875
0 0.01875 0.9375 0.0375 0.125
0 0.275 0.7828125 0.209375 0.18125
0 0.628125 0.8828125 0.134375 0.13125
0 0.4984375 0.784375 0.128125 0.121875
0 0.5625 0.621875 0.1125 0.134375
0 0.5390625 0.075 0.109375 0.1125
0 0.76875 0.13125 0.1125 0.084375
0 0.6296875 0.196875 0.05625 0.071875
0 0.828125 0.83125 0.128125 0.1
0 0.2234375 0.0703125 0.16875 0.13125
0 0.9390625 0.00625 0.121875 0.0125