0 0.596875 0.9234375 0.2 0.153125
0 0.8 0.6546875 0.15625 0.1375
0 0.6484375 0.5375 0.084375 0.11875
0 0.68125 0.396875 0.11875 0.16875
0 0.6546875 0.1640625 0.125 0.175
0 0.2125 0.2484375 0.2625 0.25625
0 0.103125 0.790625 0.09375 0.14375
0 0.3265625 0.8 0.09375 0.10625
0 0.51875 0.621875 0.140625 0.1875
0 0.0296875 0.6234375 0.059375 0.140625
0 0.26875 0.1109375 0.09375 0.140625
0 0.56875 0.35625 0.09375 0.0875
0 0.30625 0.5953125 0.1 0.128125
0 0.3078125 0.509375 0.0875 0.1
0 0.953125 0.609375 0.09375 0.08125
0 0.384375 0.8953125 0.16875 0.209375
0 0.5296875 0.428125 0.090625 0.09375
0 0.9390625 0.9390625 0.121875 0.121875