0 0.4546875 0.840625 0.471875 0.31875
0 0.0953125 0.9609375 0.190625 0.078125
0 0.0078125 0.79375 0.015625 0.2
0 0.065625 0.6359375 0.13125 0.253125
0 0.259375 0.4453125 0.25 0.2625
0 0.0546875 0.346875 0.109375 0.18125
0 0.5265625 0.3765625 0.365625 0.1875
0 0.9109375 0.4859375 0.178125 0.165625
0 0.825 0.571875 0.15625 0.15
0 0.19375 0.1234375 0.08125 0.13125
0 0.64375 0.1765625 0.125 0.11875
0 0.8296875 0.928125 0.128125 0.14375
0 0.6375 0.765625 0.184375 0.225
0 0.8546875 0.7 0.11875 0.15625
0 0.9421875 0.6546875 0.115625 0.159375