0 0.00625 0.403125 0.0125 0.2
0 0.2171875 0.928125 0.240625 0.14375
0 0.2796875 0.65 0.13125 0.121875
0 0.5640625 0.6703125 0.153125 0.134375
0 0.453125 0.5984375 0.1 0.134375
0 0.503125 0.515625 0.146875 0.1125
0 0.590625 0.31875 0.1 0.128125
0 0.2828125 0.1671875 0.08125 0.11875
0 0.4828125 0.29375 0.08125 0.084375
0 0.6546875 0.5859375 0.146875 0.153125
0 0.375 0.903125 0.08125 0.115625
0 0.009375 0.615625 0.01875 0.16875
0 0.9375 0.98125 0.125 0.0375
0 0.7828125 0.725 0.18125 0.209375
0 0.8828125 0.371875 0.13125 0.134375
0 0.784375 0.5015625 0.121875 0.128125
0 0.621875 0.4375 0.134375 0.1125
0 0.075 0.4609375 0.1125 0.109375
0 0.13125 0.23125 0.084375 0.1125
0 0.196875 0.3703125 0.071875 0.05625
0 0.83125 0.171875 0.1 0.128125
0 0.0703125 0.7765625 0.13125 0.16875
0 0.00625 0.0609375 0.0125 0.121875