0 0.10625 0.2671875 0.2125 0.209375
0 0.45 0.4109375 0.259375 0.1125
0 0.284375 0.5625 0.271875 0.134375
0 0.1859375 0.709375 0.290625 0.1125
0 0.1578125 0.990625 0.271875 0.01875
0 0.3515625 0.925 0.25625 0.1375
0 0.2890625 0.8 0.209375 0.125
0 0.5921875 0.740625 0.19375 0.140625
0 0.578125 0.5359375 0.159375 0.1125
0 0.746875 0.640625 0.259375 0.128125
0 0.853125 0.7421875 0.259375 0.11875
0 0.9 0.3109375 0.2 0.134375
0 0.653125 0.359375 0.2 0.128125
0 0.515625 0.1953125 0.18125 0.175
0 0.696875 0.2203125 0.225 0.1625
0 0.5734375 0.0609375 0.19375 0.121875
0 0.775 0.90625 0.2125 0.125
0 0.5296875 0.8796875 0.246875 0.134375
0 0.6578125 0.98125 0.196875 0.0375
0 0.8484375 0.48125 0.234375 0.096875
0 0.9515625 0.5859375 0.096875 0.109375
0 0.98125 0.76875 0.0375 0.11875
0 0.9421875 0.99375 0.115625 0.0125