0 0.18125 0.021875 0.2625 0.04375
0 0.428125 0.0765625 0.2 0.125
0 0.209375 0.9015625 0.35 0.196875
0 0.0875 0.759375 0.175 0.225
0 0.0765625 0.4953125 0.153125 0.140625
0 0.3171875 0.45625 0.215625 0.134375
0 0.021875 0.2078125 0.04375 0.134375
0 0.8265625 0.0625 0.315625 0.125
0 0.675 0.15625 0.26875 0.159375
0 0.3265625 0.234375 0.134375 0.103125
0 0.18125 0.321875 0.234375 0.115625
0 0.6046875 0.271875 0.2125 0.13125
0 0.1765625 0.153125 0.209375 0.125
0 0.8828125 0.3984375 0.234375 0.090625
0 0.8 0.49375 0.303125 0.1
0 0.528125 0.428125 0.284375 0.15
0 0.78125 0.790625 0.284375 0.15
0 0.4328125 0.7890625 0.259375 0.159375
0 0.253125 0.64375 0.228125 0.134375
0 0.609375 0.61875 0.30625 0.1375
0 0.4421875 0.2328125 0.209375 0.134375
0 0.053125 0.0625 0.10625 0.125