0 0.7328125 0.10625 0.209375 0.2125
0 0.5890625 0.45 0.1125 0.259375
0 0.4375 0.284375 0.134375 0.271875
0 0.290625 0.1859375 0.1125 0.290625
0 0.009375 0.1578125 0.01875 0.271875
0 0.075 0.3515625 0.1375 0.25625
0 0.2 0.2890625 0.125 0.209375
0 0.259375 0.5921875 0.140625 0.19375
0 0.4640625 0.578125 0.1125 0.159375
0 0.359375 0.746875 0.128125 0.259375
0 0.2578125 0.853125 0.11875 0.259375
0 0.6890625 0.9 0.134375 0.2
0 0.640625 0.653125 0.128125 0.2
0 0.8046875 0.515625 0.175 0.18125
0 0.7796875 0.696875 0.1625 0.225
0 0.9390625 0.5734375 0.121875 0.19375
0 0.09375 0.775 0.125 0.2125
0 0.1203125 0.5296875 0.134375 0.246875
0 0.01875 0.6578125 0.0375 0.196875
0 0.51875 0.8484375 0.096875 0.234375
0 0.4140625 0.9515625 0.109375 0.096875
0 0.23125 0.98125 0.11875 0.0375
0 0.00625 0.9421875 0.0125 0.115625