0 0.5359375 0.11875 0.221875 0.2375
0 0.7203125 0.8453125 0.234375 0.309375
0 0.8515625 0.5390625 0.234375 0.296875
0 0.384375 0.6265625 0.203125 0.278125
0 0.29375 0.8859375 0.353125 0.228125
0 0.328125 0.21875 0.30625 0.4375
0 0.06875 0.1875 0.1375 0.375
0 0.853125 0.2625 0.15625 0.171875
0 0.925 0.1578125 0.15 0.165625
0 0.6296875 0.5109375 0.2125 0.228125
0 0.671875 0.1828125 0.2 0.365625
0 0.9953125 0.6703125 0.009375 0.321875
0 0.9375 0.0015625 0.125 0.003125
0 0.8796875 0.0875 0.240625 0.175