0 0.1578125 0.05625 0.271875 0.1125
0 0.1484375 0.3015625 0.296875 0.21875
0 0.14375 0.8734375 0.2875 0.184375
0 0.321875 0.5359375 0.225 0.115625
0 0.6203125 0.45 0.20625 0.115625
0 0.74375 0.309375 0.228125 0.11875
0 0.440625 0.2140625 0.15625 0.096875
0 0.528125 0.115625 0.25 0.096875
0 0.7234375 0.753125 0.25 0.13125
0 0.6 0.8796875 0.3125 0.159375
0 0.9546875 0.759375 0.090625 0.225
0 0.953125 0.4953125 0.09375 0.140625
0 0.8890625 0.2078125 0.221875 0.134375
0 0.778125 0.078125 0.203125 0.13125
0 0.6578125 0.0375 0.196875 0.075
0 0.4828125 0.39375 0.303125 0.15
0 0.715625 0.4796875 0.278125 0.128125
0 0.603125 0.6234375 0.234375 0.140625
0 0.9421875 0.0625 0.115625 0.125