0 0.88125 0.4640625 0.2375 0.221875
0 0.1546875 0.2796875 0.309375 0.234375
0 0.4609375 0.1484375 0.296875 0.234375
0 0.3734375 0.615625 0.278125 0.203125
0 0.1140625 0.70625 0.228125 0.353125
0 0.78125 0.671875 0.4375 0.30625
0 0.8125 0.93125 0.375 0.1375
0 0.7375 0.146875 0.171875 0.15625
0 0.8421875 0.075 0.165625 0.15
0 0.4890625 0.3703125 0.228125 0.2125
0 0.8171875 0.328125 0.365625 0.2
0 0.3296875 0.0046875 0.321875 0.009375
0 0.9984375 0.0625 0.003125 0.125
0 0.9125 0.1203125 0.175 0.240625