0 0.1359375 0.8609375 0.246875 0.121875
0 0.340625 0.9390625 0.15 0.121875
0 0.18125 0.9671875 0.2625 0.065625
0 0.1484375 0.584375 0.24375 0.125
0 0.4203125 0.6109375 0.18125 0.0875
0 0.009375 0.3109375 0.01875 0.134375
0 0.5875 0.74375 0.2125 0.1
0 0.78125 0.7203125 0.1875 0.11875
0 0.8609375 0.8796875 0.278125 0.159375
0 0.8265625 0.9890625 0.315625 0.021875
0 0.315625 0.559375 0.190625 0.103125
0 0.2421875 0.421875 0.215625 0.128125
0 0.109375 0.3625 0.2125 0.134375
0 0.3359375 0.4953125 0.23125 0.06875
0 0.0375 0.5859375 0.075 0.109375
0 0.0828125 0.76875 0.165625 0.11875
0 0.29375 0.778125 0.159375 0.1375
0 0.4921875 0.915625 0.28125 0.134375
0 0.053125 0.99375 0.10625 0.0125