0 0.1390625 0.1359375 0.121875 0.246875
0 0.0609375 0.340625 0.121875 0.15
0 0.0328125 0.18125 0.065625 0.2625
0 0.415625 0.1484375 0.125 0.24375
0 0.3890625 0.4203125 0.0875 0.18125
0 0.6890625 0.009375 0.134375 0.01875
0 0.25625 0.5875 0.1 0.2125
0 0.2796875 0.78125 0.11875 0.1875
0 0.1203125 0.8609375 0.159375 0.278125
0 0.0109375 0.8265625 0.021875 0.315625
0 0.440625 0.315625 0.103125 0.190625
0 0.578125 0.2421875 0.128125 0.215625
0 0.6375 0.109375 0.134375 0.2125
0 0.5046875 0.3359375 0.06875 0.23125
0 0.4140625 0.0375 0.109375 0.075
0 0.23125 0.0828125 0.11875 0.165625
0 0.221875 0.29375 0.1375 0.159375
0 0.084375 0.4921875 0.134375 0.28125
0 0.00625 0.053125 0.0125 0.10625