0 0.978125 0.18125 0.04375 0.2625
0 0.9234375 0.428125 0.125 0.2
0 0.0984375 0.209375 0.196875 0.35
0 0.240625 0.0875 0.225 0.175
0 0.5046875 0.0765625 0.140625 0.153125
0 0.54375 0.3171875 0.134375 0.215625
0 0.7921875 0.021875 0.134375 0.04375
0 0.9375 0.8265625 0.125 0.315625
0 0.84375 0.675 0.159375 0.26875
0 0.765625 0.3265625 0.103125 0.134375
0 0.678125 0.18125 0.115625 0.234375
0 0.728125 0.6046875 0.13125 0.2125
0 0.846875 0.1765625 0.125 0.209375
0 0.6015625 0.8828125 0.090625 0.234375
0 0.50625 0.8 0.1 0.303125
0 0.571875 0.528125 0.15 0.284375
0 0.209375 0.78125 0.15 0.284375
0 0.2109375 0.4328125 0.159375 0.259375
0 0.35625 0.253125 0.134375 0.228125
0 0.38125 0.609375 0.1375 0.30625
0 0.7671875 0.4421875 0.134375 0.209375
0 0.9375 0.053125 0.125 0.10625