0 0.94375 0.1578125 0.1125 0.271875
0 0.6984375 0.1484375 0.21875 0.296875
0 0.1265625 0.14375 0.184375 0.2875
0 0.4640625 0.321875 0.115625 0.225
0 0.55 0.6203125 0.115625 0.20625
0 0.690625 0.74375 0.11875 0.228125
0 0.7859375 0.440625 0.096875 0.15625
0 0.884375 0.528125 0.096875 0.25
0 0.246875 0.7234375 0.13125 0.25
0 0.1203125 0.6 0.159375 0.3125
0 0.240625 0.9546875 0.225 0.090625
0 0.5046875 0.953125 0.140625 0.09375
0 0.7921875 0.8890625 0.134375 0.221875
0 0.921875 0.778125 0.13125 0.203125
0 0.9625 0.6578125 0.075 0.196875
0 0.60625 0.4828125 0.15 0.303125
0 0.5203125 0.715625 0.128125 0.278125
0 0.3765625 0.603125 0.140625 0.234375
0 0.9375 0.9421875 0.125 0.115625