0 0.05625 0.7984375 0.1125 0.215625
0 0.690625 0.9140625 0.13125 0.13125
0 0.3625 0.7484375 0.115625 0.11875
0 0.6234375 0.21875 0.24375 0.115625
0 0.5921875 0.10625 0.146875 0.125
0 0.853125 0.0625 0.15 0.125
0 0.2578125 0.2125 0.2125 0.09375
0 0.234375 0.3828125 0.1875 0.084375
0 0.5484375 0.290625 0.19375 0.0875
0 0.4125 0.075 0.165625 0.14375
0 0.16875 0.6796875 0.190625 0.134375
0 0.046875 0.46875 0.09375 0.16875
0 0.059375 0.203125 0.11875 0.11875
0 0.6359375 0.41875 0.18125 0.084375
0 0.9171875 0.3171875 0.165625 0.1
0 0.94375 0.19375 0.1125 0.1125
0 0.159375 0.0328125 0.1625 0.065625
0 0.140625 0.078125 0.21875 0.153125
0 0.315625 0.0625 0.13125 0.125
0 0.5875 0.528125 0.103125 0.1625
0 0.8078125 0.4296875 0.13125 0.0875
0 0.45 0.440625 0.103125 0.1125