0 0.2328125 0.0953125 0.125 0.103125
0 0.4578125 0.08125 0.11875 0.11875
0 0.3828125 0.271875 0.075 0.05625
0 0.215625 0.36875 0.090625 0.1
0 0.2015625 0.415625 0.159375 0.046875
0 0.553125 0.36875 0.1125 0.0625
0 0.59375 0.1796875 0.0625 0.078125
0 0.803125 0.35 0.075 0.06875
0 0.64375 0.3078125 0.090625 0.071875
0 0.84375 0.15625 0.090625 0.090625
0 0.484375 0.6296875 0.09375 0.09375
0 0.371875 0.89375 0.153125 0.065625
0 0.65625 0.73125 0.10625 0.075
0 0.5484375 0.828125 0.121875 0.059375
0 0.784375 0.715625 0.121875 0.05
0 0.909375 0.65 0.09375 0.0375
0 0.9890625 0.553125 0.021875 0.0375
0 0.95 0.3640625 0.1 0.053125
0 0.990625 0.0640625 0.01875 0.128125