0 0.3171875 0.06875 0.278125 0.1375
0 0.6609375 0.0875 0.30625 0.13125
0 0.6671875 0.0265625 0.390625 0.053125
0 0.4609375 0.2609375 0.2625 0.14375
0 0.4578125 0.6625 0.3625 0.1625
0 0.759375 0.7515625 0.29375 0.21875
0 0.953125 0.825 0.09375 0.15
0 0.9109375 0.346875 0.178125 0.30625
0 0.26875 0.4765625 0.39375 0.21875
0 0.290625 0.7765625 0.41875 0.2125
0 0.490625 0.9234375 0.378125 0.13125
0 0.7046875 0.253125 0.290625 0.2
0 0.9421875 0.628125 0.115625 0.175
0 0.1125 0.11875 0.225 0.228125
0 0.284375 0.209375 0.209375 0.146875
0 0.6109375 0.4859375 0.26875 0.2