0 0.553125 0.0328125 0.0375 0.065625
0 0.3640625 0.0234375 0.053125 0.046875
0 0.7625 0.2921875 0.071875 0.1625
0 0.86875 0.3046875 0.05 0.125
0 0.790625 0.45 0.040625 0.146875
0 0.8421875 0.671875 0.034375 0.109375
0 0.4203125 0.53125 0.075 0.109375
0 0.465625 0.41875 0.040625 0.13125
0 0.534375 0.309375 0.053125 0.134375
0 0.2515625 0.159375 0.075 0.11875
0 0.0359375 0.6984375 0.071875 0.140625
0 0.16875 0.6859375 0.0875 0.140625
0 0.2109375 0.484375 0.059375 0.0875
0 0.3515625 0.703125 0.053125 0.1625
0 0.0640625 0.053125 0.128125 0.10625