0 0.2046875 0.90625 0.396875 0.15625
0 0.15625 0.746875 0.30625 0.1625
0 0.3953125 0.65 0.2375 0.165625
0 0.5359375 0.5984375 0.28125 0.190625
0 0.4109375 0.11875 0.340625 0.234375
0 0.296875 0.275 0.334375 0.2375
0 0.0921875 0.0859375 0.184375 0.171875
0 0.1515625 0.453125 0.303125 0.175
0 0.3734375 0.4125 0.184375 0.13125
0 0.16875 0.3375 0.31875 0.21875
0 0.9375 0.4375 0.125 0.15
0 0.834375 0.4390625 0.159375 0.1875
0 0.96875 0.5390625 0.0625 0.165625
0 0.8515625 0.5953125 0.21875 0.1625
0 0.9828125 0.646875 0.034375 0.1
0 0.9453125 0.8484375 0.109375 0.153125
0 0.809375 0.7578125 0.128125 0.121875
0 0.596875 0.8578125 0.246875 0.109375
0 0.625 0.975 0.1625 0.05
0 0.75625 0.9484375 0.13125 0.103125
0 0.86875 0.96875 0.1125 0.0625