0 0.8609375 0.7984375 0.278125 0.215625
0 0.5671875 0.9265625 0.284375 0.146875
0 0.1390625 0.6640625 0.278125 0.175
0 0.278125 0.4640625 0.234375 0.115625
0 0.3671875 0.35625 0.215625 0.146875
0 0.625 0.034375 0.1625 0.06875
0 0.75625 0.0140625 0.13125 0.028125
0 0.859375 0.4078125 0.14375 0.20625
0 0.2375 0.3 0.221875 0.18125
0 0.9703125 0.46875 0.059375 0.16875
0 0.5828125 0.0828125 0.103125 0.1
0 0.5875 0.228125 0.19375 0.15
0 0.984375 0.203125 0.03125 0.11875
0 0.86875 0.009375 0.1125 0.01875