0 0.2015625 0.8609375 0.215625 0.278125
0 0.0734375 0.5671875 0.146875 0.284375
0 0.3359375 0.1390625 0.175 0.278125
0 0.5359375 0.278125 0.115625 0.234375
0 0.64375 0.3671875 0.146875 0.215625
0 0.965625 0.625 0.06875 0.1625
0 0.9859375 0.75625 0.028125 0.13125
0 0.5921875 0.859375 0.20625 0.14375
0 0.7 0.2375 0.18125 0.221875
0 0.53125 0.9703125 0.16875 0.059375
0 0.9171875 0.5828125 0.1 0.103125
0 0.771875 0.5875 0.15 0.19375
0 0.796875 0.984375 0.11875 0.03125
0 0.990625 0.86875 0.01875 0.1125