0 0.2015625 0.05625 0.215625 0.1125
0 0.0859375 0.690625 0.13125 0.13125
0 0.2515625 0.3625 0.11875 0.115625
0 0.78125 0.6234375 0.115625 0.24375
0 0.89375 0.5921875 0.125 0.146875
0 0.9375 0.853125 0.125 0.15
0 0.7875 0.2578125 0.09375 0.2125
0 0.6171875 0.234375 0.084375 0.1875
0 0.709375 0.5484375 0.0875 0.19375
0 0.925 0.4125 0.14375 0.165625
0 0.3203125 0.16875 0.134375 0.190625
0 0.53125 0.046875 0.16875 0.09375
0 0.796875 0.059375 0.11875 0.11875
0 0.58125 0.6359375 0.084375 0.18125
0 0.6828125 0.9171875 0.1 0.165625
0 0.80625 0.94375 0.1125 0.1125
0 0.9671875 0.159375 0.065625 0.1625
0 0.921875 0.140625 0.153125 0.21875
0 0.9375 0.315625 0.125 0.13125
0 0.471875 0.5875 0.1625 0.103125
0 0.5703125 0.8078125 0.0875 0.13125
0 0.559375 0.45 0.1125 0.103125