0 0.7203125 0.540625 0.215625 0.196875
0 0.496875 0.50625 0.190625 0.1625
0 0.3421875 0.5265625 0.18125 0.16875
0 0.915625 0.6421875 0.16875 0.13125
0 0.0421875 0.4375 0.084375 0.15
0 0.0828125 0.5390625 0.165625 0.165625
0 0.0671875 0.646875 0.134375 0.1
0 0.0390625 0.8484375 0.078125 0.153125
0 0.534375 0.921875 0.1375 0.1375
0 0.35625 0.7640625 0.19375 0.115625
0 0.6484375 0.790625 0.134375 0.134375
0 0.49375 0.7078125 0.18125 0.128125
0 0.74375 0.7265625 0.165625 0.121875
0 0.853125 0.9859375 0.15 0.028125
0 0.1640625 0.859375 0.15 0.190625
0 0.3578125 0.865625 0.1625 0.134375
0 0.8875 0.8671875 0.165625 0.134375
0 0.159375 0.978125 0.1625 0.04375
0 0.315625 0.965625 0.13125 0.06875