0 0.459375 0.7203125 0.196875 0.215625
0 0.49375 0.496875 0.1625 0.190625
0 0.4734375 0.3421875 0.16875 0.18125
0 0.3578125 0.915625 0.13125 0.16875
0 0.5625 0.0421875 0.15 0.084375
0 0.4609375 0.0828125 0.165625 0.165625
0 0.353125 0.0671875 0.1 0.134375
0 0.1515625 0.0390625 0.153125 0.078125
0 0.078125 0.534375 0.1375 0.1375
0 0.2359375 0.35625 0.115625 0.19375
0 0.209375 0.6484375 0.134375 0.134375
0 0.2921875 0.49375 0.128125 0.18125
0 0.2734375 0.74375 0.121875 0.165625
0 0.0140625 0.853125 0.028125 0.15
0 0.140625 0.1640625 0.190625 0.15
0 0.134375 0.3578125 0.134375 0.1625
0 0.1328125 0.8875 0.134375 0.165625
0 0.021875 0.159375 0.04375 0.1625
0 0.034375 0.315625 0.06875 0.13125