0 0.09375 0.2046875 0.15625 0.396875
0 0.253125 0.15625 0.1625 0.30625
0 0.35 0.3953125 0.165625 0.2375
0 0.4015625 0.5359375 0.190625 0.28125
0 0.88125 0.4109375 0.234375 0.340625
0 0.725 0.296875 0.2375 0.334375
0 0.9140625 0.0921875 0.171875 0.184375
0 0.546875 0.1515625 0.175 0.303125
0 0.5875 0.3734375 0.13125 0.184375
0 0.6625 0.16875 0.21875 0.31875
0 0.5625 0.9375 0.15 0.125
0 0.5609375 0.834375 0.1875 0.159375
0 0.4609375 0.96875 0.165625 0.0625
0 0.4046875 0.8515625 0.1625 0.21875
0 0.353125 0.9828125 0.1 0.034375
0 0.1515625 0.9453125 0.153125 0.109375
0 0.2421875 0.809375 0.121875 0.128125
0 0.1421875 0.596875 0.109375 0.246875
0 0.025 0.625 0.05 0.1625
0 0.0515625 0.75625 0.103125 0.13125
0 0.03125 0.86875 0.0625 0.1125