0 0.853125 0.365625 0.103125 0.08125
0 0.95625 0.2109375 0.084375 0.08125
0 0.928125 0.56875 0.065625 0.06875
0 0.7703125 0.475 0.125 0.146875
0 0.5 0.690625 0.065625 0.078125
0 0.4046875 0.984375 0.078125 0.03125
0 0.50625 0.8703125 0.040625 0.075
0 0.559375 0.825 0.040625 0.0625
0 0.678125 0.890625 0.0625 0.06875
0 0.8234375 0.8171875 0.09375 0.075
0 0.8875 0.8890625 0.071875 0.090625
0 0.959375 0.859375 0.0625 0.05
0 0.99375 0.990625 0.0125 0.01875
0 0.5671875 0.98125 0.084375 0.0375
0 0.325 0.7015625 0.05 0.0625
0 0.2390625 0.4046875 0.078125 0.075
0 0.478125 0.2109375 0.109375 0.046875
0 0.3890625 0.1203125 0.09375 0.071875
0 0.4625 0.31875 0.090625 0.109375
0 0.278125 0.28125 0.121875 0.159375
0 0.8125 0.73125 0.084375 0.078125