0 0.4015625 0.096875 0.153125 0.19375
0 0.1796875 0.065625 0.171875 0.13125
0 0.0421875 0.1390625 0.084375 0.278125
0 0.1875 0.2734375 0.16875 0.24375
0 0.5578125 0.065625 0.159375 0.13125
0 0.6546875 0.0796875 0.190625 0.159375
0 0.6515625 0.271875 0.190625 0.296875
0 0.53125 0.453125 0.11875 0.0875
0 0.459375 0.21875 0.1625 0.15625
0 0.5296875 0.7234375 0.18125 0.23125
0 0.353125 0.3421875 0.140625 0.09375
0 0.29375 0.5140625 0.16875 0.178125
0 0.31875 0.6828125 0.103125 0.125
0 0.33125 0.921875 0.121875 0.109375
0 0.2875 0.85625 0.109375 0.15
0 0.1765625 0.7453125 0.11875 0.221875
0 0.071875 0.93125 0.103125 0.1375
0 0.146875 0.9515625 0.071875 0.096875
0 0.0515625 0.6203125 0.103125 0.278125