0 0.1390625 0.9203125 0.278125 0.159375
0 0.8796875 0.975 0.240625 0.05
0 0.034375 0.79375 0.06875 0.15
0 0.1546875 0.4578125 0.171875 0.24375
0 0.0140625 0.2046875 0.028125 0.215625
0 0.2578125 0.090625 0.184375 0.165625
0 0.3625 0.3921875 0.171875 0.23125
0 0.5875 0.35625 0.13125 0.18125
0 0.7703125 0.734375 0.234375 0.15625
0 0.7234375 0.9359375 0.146875 0.128125
0 0.384375 0.740625 0.196875 0.134375
0 0.44375 0.21875 0.16875 0.19375
0 0.7796875 0.196875 0.13125 0.121875
0 0.0171875 0.5296875 0.034375 0.153125
0 0.1140625 0.321875 0.18125 0.15