0 0.096875 0.5984375 0.19375 0.153125
0 0.065625 0.8203125 0.13125 0.171875
0 0.1390625 0.9578125 0.278125 0.084375
0 0.2734375 0.8125 0.24375 0.16875
0 0.065625 0.4421875 0.13125 0.159375
0 0.0796875 0.3453125 0.159375 0.190625
0 0.271875 0.3484375 0.296875 0.190625
0 0.453125 0.46875 0.0875 0.11875
0 0.21875 0.540625 0.15625 0.1625
0 0.7234375 0.4703125 0.23125 0.18125
0 0.3421875 0.646875 0.09375 0.140625
0 0.5140625 0.70625 0.178125 0.16875
0 0.6828125 0.68125 0.125 0.103125
0 0.921875 0.66875 0.109375 0.121875
0 0.85625 0.7125 0.15 0.109375
0 0.7453125 0.8234375 0.221875 0.11875
0 0.93125 0.928125 0.1375 0.103125
0 0.9515625 0.853125 0.096875 0.071875
0 0.6203125 0.9484375 0.278125 0.103125