0 0.0796875 0.8609375 0.159375 0.278125
0 0.025 0.1203125 0.05 0.240625
0 0.20625 0.965625 0.15 0.06875
0 0.5421875 0.8453125 0.24375 0.171875
0 0.7953125 0.9859375 0.215625 0.028125
0 0.909375 0.7421875 0.165625 0.184375
0 0.6078125 0.6375 0.23125 0.171875
0 0.64375 0.4125 0.18125 0.13125
0 0.265625 0.2296875 0.15625 0.234375
0 0.0640625 0.2765625 0.128125 0.146875
0 0.259375 0.615625 0.134375 0.196875
0 0.78125 0.55625 0.19375 0.16875
0 0.803125 0.2203125 0.121875 0.13125
0 0.4703125 0.9828125 0.153125 0.034375
0 0.678125 0.8859375 0.15 0.18125