0 0.05 0.7046875 0.1 0.465625
0 0.2234375 0.9515625 0.384375 0.096875
0 0.0734375 0.3671875 0.146875 0.340625
0 0.1 0.1671875 0.2 0.334375
0 0.575 0.2 0.21875 0.2375
0 0.6015625 0.378125 0.2375 0.21875
0 0.8203125 0.3265625 0.15625 0.26875
0 0.8390625 0.1 0.203125 0.2
0 0.89375 0.6125 0.125 0.234375
0 0.7953125 0.5953125 0.115625 0.253125
0 0.725 0.9421875 0.225 0.115625
0 0.30625 0.159375 0.178125 0.31875
0 0.334375 0.565625 0.121875 0.2
0 0.371875 0.840625 0.296875 0.278125
0 0.5953125 0.65625 0.259375 0.31875
0 0.2609375 0.4734375 0.2125 0.446875