0 0.3515625 0.7875 0.3 0.234375
0 0.8453125 0.99375 0.271875 0.0125
0 0.9703125 0.965625 0.059375 0.06875
0 0.525 0.9640625 0.19375 0.071875
0 0.4359375 0.5296875 0.15625 0.184375
0 0.5328125 0.0921875 0.246875 0.15
0 0.3390625 0.35 0.2 0.203125
0 0.659375 0.90625 0.228125 0.1375
0 0.5765625 0.771875 0.240625 0.153125
0 0.9609375 0.425 0.078125 0.1375
0 0.80625 0.6640625 0.19375 0.159375
0 0.9546875 0.5890625 0.090625 0.146875
0 0.9140625 0.79375 0.171875 0.10625
0 0.5734375 0.325 0.18125 0.265625
0 0.9234375 0.1984375 0.153125 0.234375
0 0.975 0.0765625 0.05 0.153125
0 0.871875 0.4671875 0.1625 0.15
0 0.7578125 0.371875 0.184375 0.20625
0 0.7859375 0.14375 0.134375 0.1625