0 0.7515625 0.8546875 0.25 0.278125
0 0.940625 0.9234375 0.11875 0.153125
0 0.821875 0.9859375 0.18125 0.028125
0 0.2828125 0.7984375 0.159375 0.146875
0 0.4703125 0.68125 0.171875 0.196875
0 0.68125 0.478125 0.25625 0.121875
0 0.74375 0.615625 0.240625 0.13125
0 0.8390625 0.4921875 0.18125 0.3125
0 0.3640625 0.1140625 0.18125 0.134375
0 0.453125 0.2375 0.265625 0.134375
0 0.2203125 0.2 0.171875 0.18125
0 0.353125 0.39375 0.25625 0.15
0 0.221875 0.525 0.096875 0.2125
0 0.0953125 0.528125 0.04375 0.215625
0 0.3453125 0.9671875 0.140625 0.065625
0 0.0390625 0.7671875 0.078125 0.3625
0 0.0578125 0.371875 0.115625 0.1875