0 0.7859375 0.2078125 0.221875 0.271875
0 0.9125 0.65 0.175 0.26875
0 0.965625 0.940625 0.06875 0.11875
0 0.425 0.96875 0.1375 0.0625
0 0.5890625 0.959375 0.146875 0.08125
0 0.73125 0.8046875 0.23125 0.14375
0 0.79375 0.996875 0.10625 0.00625
0 0.528125 0.50625 0.09375 0.140625
0 0.5765625 0.6671875 0.1625 0.21875
0 0.1984375 0.896875 0.234375 0.20625
0 0.0765625 0.8578125 0.153125 0.284375
0 0.3296875 0.5328125 0.184375 0.2375
0 0.4 0.7796875 0.24375 0.315625
0 0.096875 0.1484375 0.171875 0.265625
0 0.440625 0.246875 0.190625 0.178125
0 0.6625 0.3703125 0.1875 0.2875
0 0.3140625 0.134375 0.215625 0.1875
0 0.1515625 0.3703125 0.153125 0.26875
0 0.1671875 0.621875 0.234375 0.25625