0 0.140625 0.8921875 0.175 0.209375
0 0.1453125 0.98125 0.246875 0.0375
0 0.1015625 0.6390625 0.13125 0.19375
0 0.2078125 0.5015625 0.21875 0.196875
0 0.4984375 0.5890625 0.15625 0.203125
0 0.7625 0.8421875 0.115625 0.1375
0 0.834375 0.7 0.10625 0.19375
0 0.9015625 0.8984375 0.115625 0.125
0 0.25625 0.7578125 0.171875 0.19375
0 0.615625 0.715625 0.103125 0.196875
0 0.6375 0.875 0.09375 0.184375
0 0.2796875 0.96875 0.253125 0.0625
0 0.359375 0.7421875 0.159375 0.234375
0 0.346875 0.50625 0.146875 0.240625