0 0.7921875 0.7859375 0.271875 0.221875
0 0.35 0.9125 0.26875 0.175
0 0.059375 0.965625 0.11875 0.06875
0 0.03125 0.425 0.0625 0.1375
0 0.040625 0.5890625 0.08125 0.146875
0 0.1953125 0.73125 0.14375 0.23125
0 0.003125 0.79375 0.00625 0.10625
0 0.49375 0.528125 0.140625 0.09375
0 0.3328125 0.5765625 0.21875 0.1625
0 0.103125 0.1984375 0.20625 0.234375
0 0.1421875 0.0765625 0.284375 0.153125
0 0.4671875 0.3296875 0.2375 0.184375
0 0.2203125 0.4 0.315625 0.24375
0 0.8515625 0.096875 0.265625 0.171875
0 0.753125 0.440625 0.178125 0.190625
0 0.6296875 0.6625 0.2875 0.1875
0 0.865625 0.3140625 0.1875 0.215625
0 0.6296875 0.1515625 0.26875 0.153125
0 0.378125 0.1671875 0.25625 0.234375