0 0.7875 0.6484375 0.234375 0.3
0 0.99375 0.1546875 0.0125 0.271875
0 0.965625 0.0296875 0.06875 0.059375
0 0.9640625 0.475 0.071875 0.19375
0 0.5296875 0.5640625 0.184375 0.15625
0 0.0921875 0.4671875 0.15 0.246875
0 0.35 0.6609375 0.203125 0.2
0 0.90625 0.340625 0.1375 0.228125
0 0.771875 0.4234375 0.153125 0.240625
0 0.425 0.0390625 0.1375 0.078125
0 0.6640625 0.19375 0.159375 0.19375
0 0.5890625 0.0453125 0.146875 0.090625
0 0.79375 0.0859375 0.10625 0.171875
0 0.325 0.4265625 0.265625 0.18125
0 0.1984375 0.0765625 0.234375 0.153125
0 0.0765625 0.025 0.153125 0.05
0 0.4671875 0.128125 0.15 0.1625
0 0.371875 0.2421875 0.20625 0.184375
0 0.14375 0.2140625 0.1625 0.134375