0 0.1453125 0.2484375 0.278125 0.25
0 0.0765625 0.059375 0.153125 0.11875
0 0.0140625 0.178125 0.028125 0.18125
0 0.2015625 0.7171875 0.146875 0.159375
0 0.31875 0.5296875 0.196875 0.171875
0 0.521875 0.31875 0.121875 0.25625
0 0.384375 0.25625 0.13125 0.240625
0 0.5078125 0.1609375 0.3125 0.18125
0 0.8859375 0.6359375 0.134375 0.18125
0 0.7625 0.546875 0.134375 0.265625
0 0.8 0.7796875 0.18125 0.171875
0 0.60625 0.646875 0.15 0.25625
0 0.475 0.778125 0.2125 0.096875
0 0.471875 0.9046875 0.215625 0.04375
0 0.0328125 0.6546875 0.065625 0.140625
0 0.2328125 0.9609375 0.3625 0.078125
0 0.628125 0.9421875 0.1875 0.115625