0 0.1078125 0.859375 0.209375 0.175
0 0.01875 0.8546875 0.0375 0.246875
0 0.3609375 0.8984375 0.19375 0.13125
0 0.4984375 0.7921875 0.196875 0.21875
0 0.4109375 0.5015625 0.203125 0.15625
0 0.1578125 0.2375 0.1375 0.115625
0 0.3 0.165625 0.19375 0.10625
0 0.1015625 0.0984375 0.125 0.115625
0 0.2421875 0.74375 0.19375 0.171875
0 0.284375 0.384375 0.196875 0.103125
0 0.125 0.3625 0.184375 0.09375
0 0.03125 0.7203125 0.0625 0.253125
0 0.2578125 0.640625 0.234375 0.159375
0 0.49375 0.653125 0.240625 0.146875