0 0.68125 0.784375 0.2375 0.28125
0 0.6390625 0.9328125 0.178125 0.134375
0 0.421875 0.9328125 0.103125 0.13125
0 0.5359375 0.8875 0.065625 0.0875
0 0.4375 0.996875 0.0875 0.00625
0 0.3375 0.796875 0.06875 0.1125
0 0.2984375 0.6671875 0.05625 0.125
0 0.39375 0.503125 0.046875 0.06875
0 0.3859375 0.603125 0.059375 0.1
0 0.2984375 0.4421875 0.046875 0.1125
0 0.2875 0.51875 0.0625 0.096875
0 0.6921875 0.3109375 0.171875 0.2375
0 0.8390625 0.125 0.209375 0.20625
0 0.6890625 0.090625 0.18125 0.18125
0 0.665625 0.546875 0.196875 0.18125
0 0.515625 0.225 0.21875 0.21875
0 0.940625 0.6703125 0.096875 0.171875
0 0.859375 0.59375 0.115625 0.115625
0 0.9453125 0.33125 0.109375 0.18125