0 0.784375 0.31875 0.28125 0.2375
0 0.9328125 0.3609375 0.134375 0.178125
0 0.9328125 0.578125 0.13125 0.103125
0 0.8875 0.4640625 0.0875 0.065625
0 0.996875 0.5625 0.00625 0.0875
0 0.796875 0.6625 0.1125 0.06875
0 0.6671875 0.7015625 0.125 0.05625
0 0.503125 0.60625 0.06875 0.046875
0 0.603125 0.6140625 0.1 0.059375
0 0.4421875 0.7015625 0.1125 0.046875
0 0.51875 0.7125 0.096875 0.0625
0 0.3109375 0.3078125 0.2375 0.171875
0 0.125 0.1609375 0.20625 0.209375
0 0.090625 0.3109375 0.18125 0.18125
0 0.546875 0.334375 0.18125 0.196875
0 0.225 0.484375 0.21875 0.21875
0 0.6703125 0.059375 0.171875 0.096875
0 0.59375 0.140625 0.115625 0.115625
0 0.33125 0.0546875 0.18125 0.109375